Numero de Vertices:968
Numero de Arestas:14204
Maior Grau:7.0
Menor Grau:0.0
Media Grau:1.2293388429752066
Mediana Grau:1.0
Pai do vertice 10 na busca BFS em 1:589
Pai do vertice 20 na busca BFS em 1:None
Pai do vertice 30 na busca BFS em 1:None
Pai do vertice 10 na busca BFS em 2:638
Pai do vertice 20 na busca BFS em 2:None
Pai do vertice 30 na busca BFS em 2:None
Pai do vertice 10 na busca BFS em 3:638
Pai do vertice 20 na busca BFS em 3:None
Pai do vertice 30 na busca BFS em 3:None
Pai do vertice 10 na busca DFS em 1:638
Pai do vertice 20 na busca DFS em 1:None
Pai do vertice 30 na busca DFS em 1:None
Pai do vertice 10 na busca DFS em 2:638
Pai do vertice 20 na busca DFS em 2:None
Pai do vertice 30 na busca DFS em 2:None
Pai do vertice 10 na busca DFS em 3:638
Pai do vertice 20 na busca DFS em 3:None
Pai do vertice 30 na busca DFS em 3:None
Distancia vertice 10 20:None
Distancia vertice 10 30:None
Distancia vertice 20 20:None
Componentes Conexas:[[362, 421, 197, 728, 140, 376, 441, 502, 299, 42, 601, 833, 534, 665, 836, 640, 202, 191, 869, 706, 204, 461, 379, 830, 350, 786, 170, 531, 567, 488, 556, 803, 965, 88, 217, 355, 206, 775, 844, 918, 61, 183, 456, 850, 916, 16, 3, 344, 557, 730, 14, 262, 392, 292, 674, 413, 521, 643, 372, 538, 560, 95, 106, 477, 635, 688, 851, 589, 808, 353, 879, 243, 254, 348, 953, 941, 430, 435, 434, 922, 509, 727, 33, 303, 123, 234, 416, 62, 141, 588, 542, 87, 650, 364, 504, 796, 249, 886, 49, 126, 132, 453, 652, 9, 118, 712, 63, 201, 940, 445, 211, 235, 587, 162, 526, 574, 607, 70, 340, 385, 493, 564, 715, 763, 447, 878, 675, 47, 617, 12, 102, 52, 223, 55, 351, 459, 672, 112, 503, 184, 193, 798, 275, 318, 523, 925, 428, 677, 959, 233, 549, 24, 75, 155, 2, 402, 575, 423, 771, 928, 199, 638, 164, 676, 313, 708, 577, 150, 529, 597, 818, 122, 714, 732, 306, 753, 13, 484, 756, 129, 54, 79, 527, 801, 823, 85, 552, 297, 145, 137, 90, 544, 108, 856, 492, 781, 15, 479, 171, 343, 25, 374, 583, 641, 44, 553, 696, 4, 241, 386, 198, 305, 34, 80, 474, 604, 64, 632, 681, 792, 345, 603, 260, 282, 522, 483, 210, 222, 644, 196, 667, 757, 405, 697, 517, 321, 438, 98, 471, 735, 513, 591, 579, 256, 695, 789, 926, 738, 703, 949, 159, 401, 409, 745, 381, 455, 662, 919, 7, 661, 767, 826, 889, 962, 530, 774, 541, 205, 65, 558, 27, 53, 960, 121, 563, 400, 444, 212, 457, 158, 195, 218, 81, 181, 302, 369, 127, 561, 533, 668, 944, 414, 496, 710, 174, 295, 794, 739, 507, 187, 280, 669, 935, 654, 842, 946, 917, 894, 673, 897, 705, 955, 902, 339, 829, 939, 394, 227, 161, 242, 466, 253, 797, 764, 639, 806, 547, 659, 685, 375, 729, 666, 519, 734, 637, 310, 50, 584, 89, 103, 760, 377, 636, 952, 890, 825, 497, 713, 1, 323, 436, 57, 611, 936, 84, 189, 888, 546, 46, 250, 718, 60, 0], [36, 787, 895, 315, 73, 68, 78, 950, 105, 139, 319, 393, 911, 101, 610, 419, 704, 720, 907, 571, 864, 265, 452, 301, 326, 887, 304, 599, 750, 263, 498, 709, 633, 608, 835, 257, 67], [10, 380, 500, 932, 388, 273, 458, 867, 237, 349, 169], [9, 616, 809, 490, 951, 790, 694, 900, 406, 45], [8, 520, 908, 840, 576, 290, 719, 528, 157], [7, 482, 255, 624, 555, 585, 701, 69], [6, 722, 417, 573, 311, 440, 213], [6, 647, 442, 420, 178, 367, 144], [6, 407, 192, 281, 97, 426, 91], [6, 172, 316, 514, 814, 347, 36], [6, 912, 287, 110, 271, 175, 10], [5, 857, 412, 535, 834, 286], [5, 487, 335, 314, 389, 23], [4, 963, 755, 783, 630], [4, 746, 324, 337, 152], [4, 307, 620, 147, 130], [4, 378, 927, 368, 128], [4, 731, 815, 154, 114], [3, 875, 885, 605], [3, 602, 595, 429], [3, 536, 684, 427], [3, 621, 469, 283], [3, 390, 532, 236], [3, 658, 433, 165], [3, 562, 948, 143], [3, 619, 176, 113], [3, 239, 855, 86], [3, 203, 404, 37], [3, 711, 929, 29], [2, 868, 820], [2, 831, 805], [2, 906, 800], [2, 896, 795], [2, 924, 737], [2, 773, 682], [2, 748, 671], [2, 725, 537], [2, 881, 525], [2, 930, 511], [2, 883, 489], [2, 893, 467], [2, 554, 451], [2, 772, 432], [2, 754, 396], [2, 956, 387], [2, 491, 383], [2, 431, 360], [2, 723, 341], [2, 761, 320], [2, 336, 300], [2, 802, 274], [2, 515, 247], [2, 690, 228], [2, 551, 216], [2, 508, 214], [2, 408, 208], [2, 743, 190], [2, 133, 124], [2, 812, 117], [2, 921, 116], [2, 903, 115], [2, 512, 111], [2, 716, 109], [2, 726, 83], [2, 736, 71], [2, 609, 56], [2, 539, 43], [2, 410, 21], [1, 967], [1, 966], [1, 964], [1, 961], [1, 958], [1, 957], [1, 954], [1, 947], [1, 945], [1, 943], [1, 942], [1, 938], [1, 937], [1, 934], [1, 933], [1, 931], [1, 923], [1, 920], [1, 915], [1, 914], [1, 913], [1, 910], [1, 909], [1, 905], [1, 904], [1, 901], [1, 899], [1, 898], [1, 892], [1, 891], [1, 884], [1, 882], [1, 880], [1, 877], [1, 876], [1, 874], [1, 873], [1, 872], [1, 871], [1, 870], [1, 866], [1, 865], [1, 863], [1, 862], [1, 861], [1, 860], [1, 859], [1, 858], [1, 854], [1, 853], [1, 852], [1, 849], [1, 848], [1, 847], [1, 846], [1, 845], [1, 843], [1, 841], [1, 839], [1, 838], [1, 837], [1, 832], [1, 828], [1, 827], [1, 824], [1, 822], [1, 821], [1, 819], [1, 817], [1, 816], [1, 813], [1, 811], [1, 810], [1, 807], [1, 804], [1, 799], [1, 793], [1, 791], [1, 788], [1, 785], [1, 784], [1, 782], [1, 780], [1, 779], [1, 778], [1, 777], [1, 776], [1, 770], [1, 769], [1, 768], [1, 766], [1, 765], [1, 762], [1, 759], [1, 758], [1, 752], [1, 751], [1, 749], [1, 747], [1, 744], [1, 742], [1, 741], [1, 740], [1, 733], [1, 724], [1, 721], [1, 717], [1, 707], [1, 702], [1, 700], [1, 699], [1, 698], [1, 693], [1, 692], [1, 691], [1, 689], [1, 687], [1, 686], [1, 683], [1, 680], [1, 679], [1, 678], [1, 670], [1, 664], [1, 663], [1, 660], [1, 657], [1, 656], [1, 655], [1, 653], [1, 651], [1, 649], [1, 648], [1, 646], [1, 645], [1, 642], [1, 634], [1, 631], [1, 629], [1, 628], [1, 627], [1, 626], [1, 625], [1, 623], [1, 622], [1, 618], [1, 615], [1, 614], [1, 613], [1, 612], [1, 606], [1, 600], [1, 598], [1, 596], [1, 594], [1, 593], [1, 592], [1, 590], [1, 586], [1, 582], [1, 581], [1, 580], [1, 578], [1, 572], [1, 570], [1, 569], [1, 568], [1, 566], [1, 565], [1, 559], [1, 550], [1, 548], [1, 545], [1, 543], [1, 540], [1, 524], [1, 518], [1, 516], [1, 510], [1, 506], [1, 505], [1, 501], [1, 499], [1, 495], [1, 494], [1, 486], [1, 485], [1, 481], [1, 480], [1, 478], [1, 476], [1, 475], [1, 473], [1, 472], [1, 470], [1, 468], [1, 465], [1, 464], [1, 463], [1, 462], [1, 460], [1, 454], [1, 450], [1, 449], [1, 448], [1, 446], [1, 443], [1, 439], [1, 437], [1, 425], [1, 424], [1, 422], [1, 418], [1, 415], [1, 411], [1, 403], [1, 399], [1, 398], [1, 397], [1, 395], [1, 391], [1, 384], [1, 382], [1, 373], [1, 371], [1, 370], [1, 366], [1, 365], [1, 363], [1, 362], [1, 361], [1, 359], [1, 358], [1, 357], [1, 356], [1, 354], [1, 352], [1, 346], [1, 342], [1, 338], [1, 334], [1, 333], [1, 332], [1, 331], [1, 330], [1, 329], [1, 328], [1, 327], [1, 325], [1, 322], [1, 317], [1, 312], [1, 309], [1, 308], [1, 298], [1, 296], [1, 294], [1, 293], [1, 291], [1, 289], [1, 288], [1, 285], [1, 284], [1, 279], [1, 278], [1, 277], [1, 276], [1, 272], [1, 270], [1, 269], [1, 268], [1, 267], [1, 266], [1, 264], [1, 261], [1, 259], [1, 258], [1, 252], [1, 251], [1, 248], [1, 246], [1, 245], [1, 244], [1, 240], [1, 238], [1, 232], [1, 231], [1, 230], [1, 229], [1, 226], [1, 225], [1, 224], [1, 221], [1, 220], [1, 219], [1, 215], [1, 209], [1, 207], [1, 200], [1, 194], [1, 188], [1, 186], [1, 185], [1, 182], [1, 180], [1, 179], [1, 177], [1, 173], [1, 168], [1, 167], [1, 166], [1, 163], [1, 160], [1, 156], [1, 153], [1, 151], [1, 149], [1, 148], [1, 146], [1, 142], [1, 138], [1, 136], [1, 135], [1, 134], [1, 131], [1, 125], [1, 120], [1, 119], [1, 107], [1, 104], [1, 100], [1, 99], [1, 96], [1, 94], [1, 93], [1, 92], [1, 82], [1, 77], [1, 76], [1, 74], [1, 72], [1, 66], [1, 59], [1, 58], [1, 51], [1, 48], [1, 41], [1, 40], [1, 39], [1, 38], [1, 35], [1, 32], [1, 31], [1, 30], [1, 28], [1, 26], [1, 22], [1, 20], [1, 19], [1, 18], [1, 17], [1, 11], [1, 8], [1, 6], [1, 5]]
Numero Componentes Conexas:433
Tamanho da Maior Componente Conexa:362
Tamanho da Menor Componente Conexa:1
