Numero de Vertices:9989
Numero de Arestas:343126
Maior Grau:9.0
Menor Grau:0.0
Media Grau:1.5551106216838522
Mediana Grau:1.0
Pai do vertice 10 na busca BFS em 1:None
Pai do vertice 20 na busca BFS em 1:None
Pai do vertice 30 na busca BFS em 1:None
Pai do vertice 10 na busca BFS em 2:None
Pai do vertice 20 na busca BFS em 2:None
Pai do vertice 30 na busca BFS em 2:None
Pai do vertice 10 na busca BFS em 3:None
Pai do vertice 20 na busca BFS em 3:None
Pai do vertice 30 na busca BFS em 3:None
Pai do vertice 10 na busca DFS em 1:None
Pai do vertice 20 na busca DFS em 1:None
Pai do vertice 30 na busca DFS em 1:None
Pai do vertice 10 na busca DFS em 2:None
Pai do vertice 20 na busca DFS em 2:None
Pai do vertice 30 na busca DFS em 2:None
Pai do vertice 10 na busca DFS em 3:None
Pai do vertice 20 na busca DFS em 3:None
Pai do vertice 30 na busca DFS em 3:None
Distancia vertice 10 20:None
Distancia vertice 10 30:None
Distancia vertice 20 20:None
Componentes Conexas:[[4295, 4493, 4822, 451, 2842, 8432, 5455, 7540, 7451, 3365, 9554, 5107, 9558, 9719, 3662, 341, 1723, 2845, 5953, 6329, 7205, 1622, 1942, 2995, 4555, 3958, 6349, 488, 2241, 3050, 9073, 9585, 7368, 2042, 2296, 4776, 6401, 8247, 1358, 2480, 2396, 2892, 7168, 1420, 5669, 6744, 4025, 7673, 3435, 7018, 915, 7235, 70, 5801, 7935, 1124, 4915, 387, 8316, 9422, 2187, 8877, 177, 9606, 4868, 7005, 8215, 1929, 3710, 5040, 8324, 6499, 3223, 2323, 4521, 9963, 1891, 5761, 4534, 4543, 608, 3020, 290, 4522, 6164, 8885, 3232, 5646, 6633, 878, 925, 5499, 1643, 3136, 2637, 2740, 595, 2643, 5690, 6230, 2607, 3558, 5786, 8833, 9442, 9455, 1996, 3839, 355, 3746, 5711, 4878, 322, 6667, 353, 6727, 8941, 6405, 1699, 671, 1188, 3737, 4054, 8703, 5663, 6884, 7176, 1770, 1140, 4303, 7202, 2257, 2933, 8423, 2123, 2179, 3109, 4324, 7902, 1402, 9723, 3091, 5523, 7760, 9324, 614, 4295, 119, 5516, 6266, 7236, 8815, 4292, 5466, 6585, 9220, 9230, 1610, 4300, 7209, 5496, 2729, 4955, 6023, 9526, 4627, 6457, 7781, 7819, 8274, 8540, 826, 4129, 4209, 5316, 5705, 8919, 9040, 4773, 2829, 2527, 3624, 3448, 5028, 5647, 5839, 7752, 9499, 1788, 6751, 7040, 1982, 2376, 5972, 272, 681, 7690, 8362, 1278, 9343, 7196, 9446, 9663, 2970, 4857, 1595, 2832, 1331, 7016, 7853, 8809, 9539, 358, 3311, 7120, 3960, 6664, 238, 693, 5430, 2704, 6696, 8973, 3587, 3946, 8044, 5939, 9470, 9838, 1082, 1367, 2890, 3786, 6361, 9647, 8665, 9104, 1690, 2007, 5476, 5590, 6902, 8920, 2646, 4745, 8773, 688, 965, 786, 3743, 6362, 6711, 8731, 4763, 8633, 3147, 4646, 6565, 2978, 8318, 6987, 8302, 9882, 9913, 1541, 5357, 7924, 9484, 592, 3262, 7007, 8123, 9188, 1514, 2270, 6570, 8526, 9252, 5358, 6324, 3260, 8320, 8784, 3192, 5879, 7697, 2949, 6229, 9023, 3716, 4541, 9065, 687, 2875, 1589, 1864, 2761, 4756, 9780, 1880, 7473, 15, 2606, 8928, 1850, 4813, 3430, 2432, 8294, 4137, 7026, 8650, 8765, 988, 5069, 8056, 2725, 3292, 6981, 7618, 8904, 6906, 1480, 3403, 483, 5661, 620, 2694, 4795, 8648, 5218, 2974, 3139, 6162, 9028, 4429, 6841, 2509, 2937, 2088, 4108, 3034, 9859, 1838, 6497, 2927, 7506, 9359, 7588, 9012, 6784, 3462, 5187, 6059, 3374, 5257, 750, 7763, 8464, 4363, 9920, 2671, 5367, 6676, 7660, 9901, 6029, 3003, 3883, 1746, 2627, 5336, 5057, 8385, 8620, 694, 5677, 8791, 2411, 5532, 6411, 6940, 9787, 1727, 1789, 5990, 9237, 1856, 2644, 3159, 5887, 3748, 3999, 2648, 6191, 9242, 4761, 9363, 1958, 7694, 4974, 7299, 9475, 2343, 5483, 1292, 6020, 9518, 548, 3418, 4701, 5339, 571, 401, 4581, 6248, 8924, 2698, 9921, 4173, 2838, 2873, 5730, 1230, 3971, 8466, 3939, 5106, 8170, 6038, 6172, 7839, 7858, 4526, 1506, 3709, 4896, 8184, 3016, 4483, 6754, 6973, 3623, 8508, 9091, 9480, 2528, 6757, 9958, 3449, 8212, 2057, 3164, 5891, 3927, 4831, 9120, 9265, 7707, 9004, 5467, 7057, 383, 2220, 4148, 6300, 6617, 4278, 7038, 7734, 7080, 8624, 1932, 3933, 5917, 9848, 9222, 6112, 4712, 4990, 9334, 1282, 4604, 6939, 4022, 4685, 2555, 498, 5196, 6081, 562, 8150, 7190, 8248, 1815, 4132, 7059, 7187, 7713, 1878, 6383, 9384, 9821, 1267, 1717, 6482, 9804, 984, 8415, 8726, 9604, 441, 2591, 4607, 8905, 5708, 6031, 9465, 3161, 4920, 9425, 9426, 2086, 4349, 5892, 7373, 9176, 9626, 4664, 8503, 8800, 9010, 5968, 8167, 2382, 2712, 5949, 8327, 5029, 6296, 4063, 9634, 5053, 6355, 7178, 2155, 3947, 6489, 8280, 9124, 7835, 1203, 3080, 807, 267, 611, 1223, 2377, 3981, 7400, 1302, 9895, 5425, 5770, 7507, 198, 4135, 6623, 3032, 7961, 8172, 739, 1273, 6335, 8727, 2134, 2784, 6340, 1534, 3845, 5473, 5543, 6791, 2668, 8459, 4299, 5172, 5416, 2556, 6061, 2091, 812, 2811, 3896, 6750, 9486, 9730, 5872, 2224, 3404, 4873, 9655, 4637, 5743, 6317, 9907, 2008, 6158, 917, 7442, 7855, 5899, 7569, 8444, 74, 7472, 508, 834, 727, 830, 9034, 293, 3468, 8519, 862, 1033, 5489, 1816, 7741, 5832, 233, 1744, 4903, 7385, 1492, 5753, 5683, 1761, 2113, 2466, 6017, 3962, 9722, 5784, 9781, 3337, 3650, 6593, 4241, 8273, 9182, 9416, 4290, 6042, 6074, 6963, 8340, 3708, 8377, 8613, 793, 7600, 8190, 3438, 5612, 1502, 2143, 5461, 5981, 8343, 250, 2437, 5097, 5188, 8289, 9044, 2926, 2947, 4624, 5848, 356, 2034, 9205, 2129, 3643, 651, 8509, 472, 695, 3156, 7503, 4793, 674, 3057, 3513, 9659, 3377, 5290, 6573, 1530, 8159, 9653, 4468, 6685, 2141, 3686, 5034, 7695, 9264, 334, 960, 7328, 7749, 1832, 2254, 4941, 7771, 8881, 3488, 4883, 6295, 3088, 4909, 5586, 5927, 6735, 259, 2963, 4227, 5830, 863, 7131, 8268, 5864, 339, 7945, 9319, 5037, 8224, 9507, 218, 5065, 2867, 3235, 4669, 1211, 1896, 8542, 1094, 2240, 2806, 4658, 2837, 932, 4251, 4305, 7081, 3671, 4459, 7341, 4863, 1301, 1991, 7971, 5843, 9812, 1200, 6174, 1438, 6350, 6127, 6445, 7432, 413, 3044, 4995, 9128, 9551, 3880, 7006, 5806, 7662, 6725, 9170, 1827, 8013, 8552, 8602, 8430, 7709, 7841, 8234, 9877, 2262, 5789, 24, 1249, 2824, 5721, 5929, 8092, 3021, 6688, 1322, 6419, 9246, 4783, 5845, 6312, 513, 7254, 8098, 1064, 3903, 4325, 7685, 7253, 9285, 971, 6880, 1405, 3659, 1621, 4216, 6084, 4177, 1757, 2860, 3759, 8818, 1830, 2877, 7034, 7194, 9399, 4268, 8179, 3297, 8043, 415, 2596, 6762, 2017, 5454, 5494, 9754, 5439, 1239, 1327, 7824, 9119, 2749, 4190, 2882, 2201, 1998, 5114, 6423, 8637, 7092, 9600, 1608, 5302, 465, 1720, 2564, 6431, 6614, 7970, 856, 4036, 4613, 1236, 4338, 1681, 3293, 3361, 1989, 170, 4729, 6085, 8411, 1811, 8757, 9333, 4731, 7255, 8889, 6254, 7521, 8052, 867, 2137, 4553, 1027, 1560, 9225, 6815, 2425, 7311, 692, 1448, 5780, 3763, 6675, 8269, 918, 2149, 4654, 5306, 3046, 6590, 7403, 4506, 8872, 9053, 4711, 9522, 9097, 946, 790, 1031, 1392, 1180, 7452, 607, 6907, 7878, 6990, 7359, 5783, 3398, 5478, 7981, 8016, 8615, 9591, 3253, 3408, 5235, 6344, 376, 4015, 100, 3286, 1988, 721, 2361, 6143, 3843, 9493, 7150, 1453, 7656, 8338, 9058, 377, 899, 4439, 9131, 622, 6336, 7928, 1912, 3058, 6000, 7653, 7100, 2103, 9345, 2579, 8032, 1995, 2615, 9277, 5, 6146, 6353, 2737, 9550, 8680, 3347, 6460, 1990, 3996, 6043, 540, 3916, 9887, 3368, 5334, 8307, 2665, 5309, 2101, 4367, 5031, 5400, 2167, 4009, 5319, 8186, 7611, 9175, 7913, 8652, 2486, 3178, 4558, 8789, 6860, 8447, 3359, 4855, 5351, 535, 3790, 5620, 9206, 6390, 9391, 9934, 6509, 8363, 9873, 46, 7688, 8059, 478, 3640, 7773, 5325, 5856, 6240, 7963, 8376, 9891, 9988, 2636, 3180, 8406, 792, 1537, 3980, 6923, 7571, 9890, 4010, 5611, 6493, 8046, 9822, 3899, 4618, 5451, 9121, 9941, 2488, 7866, 8374, 8966, 2701, 3466, 8067, 2288, 1881, 4894, 8819, 8372, 8990, 2710, 3775, 8709, 1892, 4994, 9509, 1390, 1586, 3041, 8630, 5762, 7223, 831, 2375, 6705, 1324, 7404, 2961, 7405, 1738, 2336, 2765, 1417, 2436, 8728, 1224, 8314, 2020, 4001, 599, 1279, 6723, 8344, 399, 4674, 747, 1754, 2135, 8793, 2722, 9109, 8803, 2544, 1285, 5640, 5179, 4887, 7046, 7370, 2151, 4045, 7828, 2217, 1598, 3826, 5716, 6609, 9667, 6605, 1526, 3726, 6857, 7184, 6756, 9312, 4399, 8850, 9386, 7415, 7983, 2144, 6648, 8712, 390, 9002, 9845, 2847, 9880, 8428, 9362, 4414, 6450, 7033, 3059, 5362, 1956, 7014, 42, 6627, 427, 3637, 4635, 1381, 3101, 4068, 5884, 7919, 2597, 9353, 9714, 1749, 8088, 7066, 8211, 3062, 1040, 1077, 4211, 1858, 2326, 2569, 4341, 4818, 9039, 2521, 6753, 3051, 9642, 9674, 7629, 11, 4113, 7849, 2771, 4675, 2573, 5822, 5794, 9169, 9794, 2717, 6035, 8410, 35, 5687, 9151, 328, 1312, 4488, 4949, 5129, 6287, 258, 1633, 3897, 9414, 3877, 5404, 7603, 872, 3073, 8646, 7424, 2889, 4809, 9440, 4492, 2756, 2289, 1810, 7861, 9035, 4879, 7816, 4697, 4927, 135, 241, 1618, 6805, 6091, 1058, 2026, 4457, 2721, 2406, 4358, 6925, 6377, 7583, 7676, 5278, 7297, 309, 4619, 1096, 2080, 7566, 1056, 2389, 667, 1955, 4234, 951, 2990, 3685, 2500, 7364, 8634, 3339, 7754, 8835, 1477, 6070, 9348, 173, 4673, 5626, 6998, 1495, 3807, 5664, 2203, 2827, 4834, 5609, 6105, 8168, 3358, 7390, 7480, 244, 552, 7305, 9529, 7374, 9746, 1144, 2447, 3301, 8956, 8219, 9637, 2150, 5370, 1051, 9066, 3158, 7664, 8109, 3598, 4786, 2925, 4599, 6036, 9519, 9388, 689, 3455, 8000, 555, 1464, 4515, 9866, 3757, 8097, 5125, 1688, 5637, 7292, 7778, 7817, 8047, 192, 2479, 3037, 5533, 8739, 838, 1721, 4291, 4952, 3195, 6811, 8670, 5207, 9289, 9408, 1270, 2559, 9202, 5619, 6638, 8770, 683, 2768, 32, 9299, 3362, 986, 5010, 6410, 8099, 9898, 1865, 7715, 3350, 4142, 9562, 9931, 9646, 7643, 3242, 3043, 7310, 2333, 8692, 7381, 6433, 1323, 2372, 2874, 8901, 1436, 4638, 2817, 7127, 3517, 5874, 2789, 5812, 7784, 239, 2523, 5765, 7672, 2173, 2642, 1918, 4421, 6250, 4356, 7756, 1059, 7832, 1521, 8583, 4070, 6818, 2490, 3244, 6189, 6286, 3231, 8257, 4480, 7536, 8641, 7069, 3656, 7216, 8303, 1333, 4235, 221, 821, 5835, 2624, 5943, 5574, 103, 6474, 442, 893, 5537, 2492, 969, 1712, 8270, 7313, 8129, 5094, 3580, 1208, 1400, 5201, 6691, 6771, 5272, 7814, 4423, 7701, 9721, 3569, 8982, 3317, 5165, 8124, 480, 3620, 3070, 3099, 3284, 5471, 7725, 2440, 3397, 703, 3194, 910, 4156, 3328, 8616, 8986, 9402, 4872, 4891, 6334, 8020, 1229, 2540, 5074, 2570, 3084, 8021, 5084, 1914, 2274, 9893, 352, 677, 6894, 9251, 1675, 3794, 3885, 4816, 1493, 6069, 6430, 2012, 6650, 7889, 3696, 2205, 7193, 8058, 2301, 1176, 8878, 220, 6233, 9618, 544, 7133, 564, 6439, 5216, 6402, 4833, 5916, 3963, 4452, 7546, 3954, 3957, 4987, 788, 6597, 7358, 8397, 5945, 1411, 8144, 543, 1800, 7091, 392, 9397, 7857, 2176, 6838, 4028, 5209, 1596, 3501, 2865, 9030, 4456, 8701, 4738, 8029, 901, 2030, 4441, 7994, 1283, 6814, 9160, 8493, 1150, 8612, 8965, 2844, 285, 6631, 8740, 459, 3799, 6954, 9141, 4910, 7986, 8940, 6846, 2191, 7267, 7351, 8408, 2744, 5142, 5912, 9689, 3693, 4963, 8470, 345, 2363, 4003, 8477, 1478, 2869, 8118, 9644, 3668, 3733, 6438, 7787, 5788, 3278, 3652, 4337, 3955, 5137, 1461, 5514, 6695, 8517, 4293, 8485, 8502, 4623, 875, 5713, 1833, 2245, 4772, 9805, 3336, 3477, 6936, 1703, 5189, 7621, 9767, 953, 5960, 6900, 347, 7639, 3100, 3423, 1209, 4462, 6563, 8598, 8978, 1899, 6896, 2571, 3465, 5377, 6665, 7293, 7338, 848, 9139, 4931, 4622, 4739, 1255, 8295, 8312, 9100, 1531, 3349, 1103, 2575, 7973, 5239, 3146, 8087, 4798, 1430, 1549, 2364, 530, 676, 1965, 3230, 7207, 6444, 7413, 8989, 4475, 9966, 769, 4389, 5747, 3048, 6213, 9784, 7969, 3148, 6368, 814, 3618, 2650, 242, 1383, 4157, 9790, 5758, 3800, 4695, 5051, 8685, 4836, 5247, 6111, 5474, 6238, 5397, 7505, 559, 2991, 5803, 6892, 4815, 5889, 7785, 6195, 9692, 9874, 2255, 7883, 31, 5229, 8840, 9087, 7303, 9707, 7491, 9435, 3835, 7891, 8557, 3891, 8223, 1403, 5245, 4185, 9033, 5672, 2930, 5376, 6155, 6202, 6004, 7257, 9019, 3536, 7098, 6909, 4539, 3314, 5477, 3009, 6054, 6347, 8606, 9813, 1590, 5441, 454, 978, 2813, 3782, 5158, 8629, 4573, 799, 1779, 1887, 2366, 2491, 9498, 3653, 8456, 1222, 8697, 7377, 7821, 1130, 9535, 6212, 1573, 2601, 5655, 2056, 5935, 7454, 1423, 9502, 5093, 391, 6766, 8151, 194, 1976, 4126, 7863, 9221, 4812, 3577, 617, 3964, 430, 8299, 8496, 566, 326, 2089, 4626, 6526, 4897, 8457, 214, 3454, 3592, 5804, 2835, 6651, 8780, 2760, 4006, 5323, 6269, 685, 2294, 4346, 5875, 8853, 5413, 6149, 756, 9532, 3549, 2312, 9466, 3599, 5748, 2763, 5335, 2032, 5623, 522, 3481, 3563, 3357, 5632, 9755, 8832, 4041, 7596, 5182, 6587, 3208, 4203, 5157, 8597, 9720, 730, 2535, 4848, 1107, 68, 5373, 4393, 7401, 4997, 5966, 764, 9476, 565, 997, 5100, 7210, 8626, 2979, 3395, 3464, 289, 452, 6116, 6774, 1753, 4433, 9916, 4877, 5933, 805, 1679, 3961, 6001, 6291, 2604, 6165, 8862, 9778, 9283, 6827, 80, 6052, 5928, 346, 1422, 3798, 2685, 5039, 3238, 9680, 1015, 5881, 1980, 5859, 7049, 7967, 8523, 9112, 518, 5909, 6352, 7167, 5435, 6110, 7867, 7870, 6670, 7304, 4074, 1665, 5318, 5895, 1839, 4267, 1866, 2232, 2498, 4328, 4519, 9527, 1272, 3331, 5592, 819, 2317, 1496, 2666, 6736, 1463, 4660, 6451, 90, 5558, 2259, 7742, 7782, 2887, 7388, 2508, 4708, 8443, 9396, 3248, 8200, 6209, 1, 2551, 364, 5779, 7706, 5132, 6224, 3855, 3968, 5634, 6358, 3571, 5739, 3215, 7573, 1268, 2199, 652, 4283, 6394, 4867, 975, 7159, 6221, 8448, 8531, 903, 6582, 8007, 1250, 649, 2009, 1546, 5403, 6245, 1481, 9627, 3107, 9381, 591, 920, 9885, 9944, 8310, 9902, 5896, 8121, 2117, 3663, 7999, 5782, 275, 3499, 236, 8658, 3752, 939, 1394, 7354, 8776, 1734, 4505, 8405, 8471, 5668, 1147, 3364, 2543, 9702, 429, 2821, 4237, 5740, 1872, 3810, 3127, 6331, 1048, 1609, 4565, 7039, 7061, 3089, 327, 3564, 3019, 5016, 8749, 5925, 7048, 9323, 8541, 3117, 6576, 3258, 3375, 1868, 9183, 5073, 7015, 6325, 3329, 7330, 4261, 4608, 5410, 8142, 6571, 3556, 7191, 1565, 7796, 2515, 4383, 912, 261, 3669, 3153, 4004, 6277, 7010, 8089, 9939, 5679, 114, 5047, 9106, 746, 4398, 5294, 4885, 5437, 663, 1804, 8975, 3007, 5746, 8229, 6205, 2329, 6967, 8162, 776, 8072, 8308, 6190, 668, 3224, 7555, 6264, 3112, 9007, 9858, 3649, 8048, 243, 839, 1585, 4625, 121, 224, 2805, 8838, 1425, 3255, 8214, 528, 130, 2904, 7794, 9690, 1834, 8360, 8736, 2897, 3384, 713, 2797, 6472, 2631, 8520, 3128, 3788, 260, 3143, 866, 7684, 4989, 1953, 1261, 1539, 1812, 3421, 4375, 7720, 142, 4666, 5897, 8654, 3539, 7599, 9369, 2441, 7976, 1353, 2506, 2647, 2950, 3678, 9430, 240, 4252, 6789, 2850, 3372, 1454, 1846, 594, 8468, 2852, 4385, 2353, 5027, 6832, 770, 9700, 5504, 6842, 8476, 8710, 4087, 5337, 8180, 3295, 4562, 2920, 3004, 3706, 5522, 8702, 6834, 4031, 8586, 5154, 5199, 3541, 3831, 7655, 9513, 6720, 5242, 5408, 9154, 9098, 2986, 1901, 1036, 4954, 9150, 151, 2174, 264, 902, 8980, 3784, 2772, 2905, 6629, 9598, 840, 5642, 968, 2228, 7909, 6992, 9861, 6901, 1398, 2739, 2791, 5033, 7382, 6938, 8686, 3247, 3281, 2110, 2696, 956, 4243, 4370, 2638, 8231, 3125, 403, 8326, 9697, 509, 2942, 1184, 3030, 7896, 6850, 9406, 1468, 4417, 1389, 1837, 447, 1915, 4847, 7217, 7989, 237, 2613, 8003, 3583, 2992, 36, 991, 6379, 6824, 2242, 9227, 7009, 7095, 4912, 9501, 8412, 6583, 4968, 1732, 1748, 4693, 6185, 6345, 8236, 8305, 7520, 4556, 9571, 3928, 495, 2392, 1391, 445, 4986, 2399, 9223, 8396, 5244, 5534, 5638, 6403, 9178, 9278, 4339, 7386, 560, 5714, 3777, 4039, 4759, 4924, 305, 1524, 1533, 1600, 2340, 3446, 3601, 4688, 7586, 8769, 1325, 2879, 3791, 7556, 3305, 3986, 9149, 9879, 367, 680, 1516, 1777, 2483, 1685, 8560, 7647, 9910, 6389, 2243, 9530, 7130, 7722, 2048, 7428, 1611, 2171, 3922, 3141, 4636, 7141, 2207, 3279, 8694, 112, 9056, 9171, 228, 766, 1693, 2249, 4253, 7284, 6918, 5553, 5844, 4689, 654, 1320, 7548, 6139, 1494, 9750, 4181, 6877, 4442, 8640, 6686, 9878, 1286, 8673, 9768, 1375, 4026, 6039, 3604, 9474, 8617, 8755, 4856, 6800, 4649, 5924, 9354, 3970, 967, 5902, 6534, 3022, 6786, 3626, 1924, 2678, 1947, 2611, 4413, 1068, 3479, 5021, 4888, 9793, 2341, 3735, 1123, 4799, 9473, 9195, 4193, 7642, 8611, 1099, 6502, 6231, 156, 6853, 2830, 8945, 1127, 9691, 733, 3797, 8452, 4962, 17, 2308, 4829, 7985, 686, 1876, 154, 1845, 2592, 3074, 8737, 3077, 3163, 481, 8431, 9190, 4774, 1883, 6297, 4474, 9108, 4163, 9157, 179, 8445, 2417, 6928, 6396, 137, 5926, 3428, 753, 2214, 9696, 4231, 6515, 7689, 5964, 950, 2857, 3684, 931, 9766, 3097, 3306, 5706, 3675, 6802, 7541, 4971, 3419, 3171, 2578, 3382, 4019, 2585, 5214, 7189, 1049, 5752, 7327, 8745, 4255, 4466, 8761, 5667, 6055, 155, 8976, 4230, 6464, 4742, 9329, 4382, 2941, 8543, 3937, 6073, 7420, 3023, 3508, 3682, 8667, 9909, 1095, 1368, 8711, 2315, 408, 5633, 6837, 3543, 3889, 7812, 6470, 6985, 1558, 4080, 6610, 7012, 1185, 4977, 5160, 8057, 8959, 5898, 3595, 4672, 4984, 4594, 3912, 7777, 165, 2639, 5676, 2161, 4866, 4862, 8070, 726, 6222, 1274, 3165, 8276, 1631, 4118, 4908, 1410, 1936, 4943, 4851, 6905, 5754, 3994, 8926, 3707, 1023, 1300, 8504, 6068, 6548, 8250, 479, 2834, 9457, 3104, 1012, 4229, 1750, 5436, 9523, 6693, 3921, 2706, 3881, 959, 5689, 9645, 9853, 126, 1890, 7669, 9472, 4046, 7103, 2557, 222, 815, 2700, 5364, 5624, 8917, 3212, 9575, 489, 962, 6323, 7128, 8081, 1743, 3523, 8176, 4249, 889, 2679, 9652, 26, 3027, 88, 2387, 3745, 5421, 8785, 2424, 4504, 7852, 9219, 2106, 4360, 9248, 5622, 230, 5587, 7042, 5934, 1701, 8463, 2594, 8525, 95, 9411, 4464, 7443, 8266, 1214, 4368, 5273, 4405, 7396, 6399, 5274, 818, 1098, 8110, 5378, 6618, 9118, 6, 8417, 9052, 4027, 9395, 4980, 3838, 5923, 1773, 5469, 7557, 7268, 7416, 284, 1768, 8221, 4415, 6257, 3387, 5345, 6235, 8614, 2883, 410, 8244, 3415, 7188, 8587, 9469, 844, 4223, 7071, 3594, 572, 7376, 881, 7266, 9432, 7398, 3205, 3424, 6381, 288, 1232, 4355, 4158, 9214, 3948, 3412, 1259, 4119, 8283, 9929, 464, 3700, 7391, 1014, 7277, 980, 2676, 4796, 1035, 5482, 7710, 134, 2108, 7023, 2299, 6921, 3667, 6732, 7220, 7907, 7868, 7956, 9824, 8187, 8544, 9534, 2720, 511, 8758, 586, 2021, 3978, 1642, 6849, 7776, 8436, 8536, 9952, 718, 7389, 2714, 6443, 3715, 466, 5551, 1166, 9544, 5570, 8486, 1042, 3056, 4532, 7625, 41, 249, 3414, 4059, 3485, 3813, 4438, 7892, 570, 5505, 2022, 9144, 9745, 8777, 6327, 7504, 1371, 7615, 2083, 6301, 785, 6813, 7693, 6206, 2459, 9410, 1083, 6313, 3909, 3131, 2115, 3086, 3840, 1034, 8610, 6955, 5598, 5635, 187, 8009, 1588, 1666, 7342, 886, 6225, 4425, 1636, 7440, 9903, 8080, 4139, 7142, 9753, 2881, 8133, 9185, 8330, 8847, 6722, 1169, 368, 69, 4852, 8345, 1065, 1067, 7366, 7908, 54, 5742, 9020, 52, 7888, 2831, 4610, 780, 891, 2092, 1844, 4486, 8671, 8813, 1148, 5470, 9856, 864, 7559, 4111, 6342, 176, 2516, 1742, 3461, 3222, 538, 9398, 2812, 9986, 6194, 1021, 9122, 3817, 6041, 7408, 7407, 630, 1194, 6532, 7239, 4419, 7514, 9978, 5585, 6825, 3987, 8233, 5231, 8112, 9321, 5193, 1951, 5653, 9000, 1304, 3006, 8103, 257, 9328, 8642, 8760, 1575, 9254, 2823, 234, 3614, 3579, 3904, 3135, 4762, 1175, 8977, 3040, 9510, 1241, 3596, 7609, 7319, 3480, 7692, 9973, 1178, 4076, 8775, 5954, 7960, 6598, 573, 1406, 2939, 9950, 6265, 2999, 4940, 3482, 5610, 9346, 9545, 5329, 4764, 162, 9855, 9046, 4537, 4320, 6831, 2394, 4016, 4396, 7335, 8983, 3047, 1513, 38, 3872, 1756, 4545, 4542, 5044, 6176, 2932, 6356, 3819, 5293, 8296, 4502, 3993, 4334, 9016, 5035, 2105, 3851, 449, 3093, 6063, 8936, 3067, 3118, 3893, 5349, 7211, 3277, 8026, 4145, 1791, 2162, 7318, 6183, 6660, 2338, 5987, 1165, 1221, 2799, 1054, 2306, 3025, 3396, 5976, 1957, 1245, 5135, 5768, 9649, 5781, 5627, 1554, 1623, 6755, 9811, 854, 3254, 4679, 6718, 315, 2971, 5796, 4350, 9710, 6752, 6160, 6833, 7183, 661, 4926, 847, 879, 1805, 7738, 8653, 9298, 1870, 4713, 3443, 5019, 6541, 5003, 7551, 4524, 1204, 2332, 6886, 2929, 9403, 4263, 3551, 9482, 1062, 7361, 7078, 9650, 1605, 2997, 1646, 287, 2849, 5253, 737, 6934, 5347, 813, 3670, 8567, 4089, 5032, 6226, 6619, 2029, 1138, 5271, 8006, 296, 213, 3273, 4609, 2416, 7931, 3369, 2445, 5636, 5938, 2229, 2517, 7996, 8104, 4455, 7885, 4409, 9713, 7121, 8440, 9851, 8875, 3145, 9694, 2773, 1256, 5392, 5854, 9511, 935, 4861, 948, 3504, 8762, 4804, 5382, 9179, 9610, 329, 6364, 6639, 4950, 7716, 3983, 2298, 2070, 3544, 5414, 6343, 9668, 5081, 908, 5212, 7070, 816, 9074, 1997, 2469, 4732, 2550, 6047, 7550, 2266, 2603, 6520, 7011, 2159, 5582, 2846, 4430, 3298, 4055, 6382, 6666, 9673, 9383, 251, 369, 496, 1952, 1564, 4130, 325, 5174, 7421, 4333, 9392, 3530, 7972, 526, 1366, 4657, 9234, 6792, 7272, 2458, 9292, 1137, 9447, 1664, 7528, 8744, 907, 8342, 6114, 4841, 6289, 291, 7198, 7613, 7833, 4312, 4907, 8055, 3015, 3915, 5013, 7295, 8821, 1076, 4775, 3356, 3727, 7455, 1511, 8364, 4329, 5381, 7008, 9658, 2114, 3105, 1380, 7161, 7218, 8392, 4794, 6982, 8600, 9656, 1519, 4765, 6246, 6974, 9684, 4560, 9300, 51, 8348, 3852, 8292, 2864, 4592, 5799, 5352, 6303, 5068, 9367, 302, 7501, 4043, 4479, 7724, 1900, 6186, 3953, 8884, 670, 4378, 5248, 9641, 5556, 741, 7545, 9095, 5038, 6941, 1670, 2552, 3218, 5930, 9947, 5520, 6889, 1397, 2953, 5363, 2757, 4546, 2471, 8824, 1091, 2886, 6437, 183, 444, 4923, 3701, 7412, 9771, 6606, 657, 1657, 2334, 7483, 1379, 6935, 4554, 8260, 5395, 5510, 2519, 4998, 5365, 7587, 8860, 1520, 4125, 6924, 2435, 4700, 6130, 1906, 5409, 7910, 2916, 6211, 576, 711, 4141, 798, 311, 3000, 2397, 5418, 1925, 7938, 3352, 6083, 5148, 7887, 4238, 185, 5937, 900, 3755, 9977, 4033, 1299, 4571, 9862, 2802, 2759, 9923, 5648, 5050, 6519, 1317, 8178, 7590, 349, 5104, 3036, 553, 9445, 3149, 3533, 3241, 6566, 6893, 5124, 6931, 7799, 8478, 7438, 1689, 1719, 5060, 4979, 5866, 7941, 278, 7591, 9135, 2195, 4846, 6854, 4687, 7730, 8241, 6659, 1472, 3568, 8882, 8829, 7543, 9340, 167, 4150, 4925, 2951, 5202, 6129, 6290, 8399, 2621, 8141, 8206, 1288, 1442, 5511, 1946, 3054, 7538, 9817, 6549, 7436, 7743, 8923, 1061, 8383, 2097, 9808, 5855, 6980, 3219, 8175, 6848, 9580, 1154, 8841, 2652, 723, 7425, 7423, 8147, 8188, 2670, 1189, 4777, 2153, 4021, 4443, 207, 4567, 6517, 7379, 8844, 7631, 8788, 6310, 7946, 1187, 9494, 4330, 482, 8565, 5805, 3943, 9284, 2170, 2843, 7772, 5919, 7869, 8230, 5936, 1637, 434, 6435, 5820, 6046, 9196, 1233, 1684, 2618, 9709, 4159, 7547, 754, 3512, 1050, 6864, 4323, 7185, 2405, 5613, 7496, 9441, 9914, 6453, 9421, 2261, 5699, 6138, 2690, 7107, 4144, 9980, 3113, 3731, 3822, 6180, 1873, 4743, 6908, 8801, 2584, 8594, 1680, 8317, 1001, 2583, 3157, 8331, 3505, 9293, 5565, 6207, 3291, 5544, 2184, 9841, 7524, 4930, 5391, 2305, 3217, 5250, 9273, 6836, 8608, 9462, 143, 5485, 494, 3765, 5873, 1501, 4728, 5515, 1125, 3672, 9849, 914, 3712, 5141, 4496, 822, 955, 8798, 2657, 3366, 644, 2634, 8750, 9962, 6556, 696, 7155, 5263, 6034, 8591, 2980, 9533, 1730, 1948, 5424, 8125, 5599, 8834, 7148, 4315, 8732, 8404, 2087, 5260, 202, 3028, 9937, 3233, 1797, 3495, 9232, 4917, 5112, 3106, 2790, 4782, 4236, 30, 6311, 8061, 2770, 6781, 6365, 8100, 1193, 9608, 7606, 7947, 9191, 9802, 2499, 8638, 1882, 3920, 2182, 3296, 6879, 8137, 7262, 7258, 9959, 3529, 4273, 895, 1977, 9256, 1135, 3370, 2553, 5101, 7576, 8963, 6484, 8332, 7668, 8549, 6416, 9938, 229, 1118, 9140, 8145, 6821, 2131, 3355, 8249, 5389, 2510, 6624, 8723, 2055, 4213, 8484, 884, 8859, 7227, 9374, 6092, 8601, 1847, 2345, 5095, 1087, 274, 7523, 9258, 2605, 5007, 388, 3066, 6641, 8019, 9495, 4444, 3199, 3655, 8589, 5860, 8767, 3617, 6412, 6577, 2788, 6529, 4547, 3589, 9331, 6835, 7140, 8817, 9555, 8328, 930, 6150, 5821, 8687, 3507, 9594, 7534, 407, 91, 883, 2028, 836, 9347, 7116, 3858, 7243, 2566, 1577, 3393, 7250, 2903, 9076, 9570, 5023, 7360, 8155, 3142, 5950, 8393, 8797, 5343, 7431, 4412, 3484, 8134, 6875, 3779, 9173, 7825, 2747, 7850, 2839, 4499, 3863, 2322, 4060, 3683, 3913, 4580, 2915, 4392, 1638, 5388, 9956, 1607, 655, 9516, 1785, 2895, 9774, 6887, 1572, 3353, 2856, 6154, 9418, 6952, 1934, 3075, 9927, 1971, 4717, 2699, 6622, 6881, 9450, 4789, 1581, 5948, 7714, 8040, 7054, 2728, 4951, 8927, 4840, 4394, 7047, 330, 1660, 9055, 8706, 8053, 1090, 9344, 2673, 8353, 5542, 5840, 1722, 5808, 1469, 9538, 9352, 545, 3985, 6930, 519, 5823, 2094, 6391, 6197, 2878, 1644, 1905, 1655, 1069, 8684, 1505, 8051, 4048, 6883, 3114, 6561, 9311, 109, 3076, 550, 1310, 5393, 8690, 3413, 4566, 3660, 2565, 118, 3483, 5688, 4832, 9407, 1414, 8068, 5197, 777, 927, 6201, 3988, 5092, 6465, 2109, 1968, 6126, 5225, 8220, 1428, 5287, 2993, 8505, 2750, 7755, 942, 4184, 9116, 3934, 1399, 4476, 4552, 5423, 8004, 3634, 7030, 8437, 8644, 6742, 2127, 1328, 2959, 9129, 8001, 9711, 7230, 8805, 6787, 4352, 4167, 5829, 1435, 4691, 3390, 2069, 1332, 2587, 6090, 1542, 3900, 6775, 9584, 9630, 629, 4956, 4668, 9062, 9782, 7453, 9777, 4937, 8217, 477, 7203, 4548, 319, 9660, 4595, 5944, 9296, 4753, 2967, 534, 2164, 5233, 5715, 8389, 8957, 1500, 1133, 4188, 1821, 1295, 7152, 9632, 4371, 8958, 9948, 2576, 43, 3562, 8042, 1993, 3750, 4820, 787, 3196, 8108, 4667, 5901, 6393, 5152, 5941, 2269, 7953, 6256, 3854, 7979, 2450, 5506, 9675, 3956, 5198, 8025, 2619, 9799, 2068, 2264, 7542, 1879, 3345, 7326, 4587, 7286, 1269, 2100, 9503, 8636, 6095, 6917, 8868, 2078, 1326, 2534, 8146, 9485, 8891, 4719, 6065, 7779, 3522, 7036, 6926, 9954, 516, 7362, 3677, 5234, 1798, 8378, 8856, 4621, 9164, 5576, 1783, 2251, 2383, 3207, 3875, 4921, 3785, 2071, 2989, 6048, 6326, 6360, 8138, 1248, 1706, 2313, 4913, 3096, 9263, 6876, 4220, 5237, 5999, 7975, 4563, 7728, 5956, 312, 9623, 5183, 8635, 5299, 317, 3856, 7102, 9368, 2966, 6273, 6007, 6434, 8532, 2360, 7757, 5766, 7563, 1855, 8079, 8794, 6234, 7380, 6056, 7875, 9276, 2280, 4402, 4842, 4860, 2354, 2084, 2520, 7585, 1555, 4075, 4134, 8962, 4678, 5000, 3886, 1192, 9563, 4598, 823, 4577, 4400, 8566, 3728, 144, 5310, 6599, 5994, 4988, 3144, 7988, 527, 6868, 6459, 8513, 375, 5602, 4171, 3506, 8226, 9070, 1686, 4509, 203, 5379, 4747, 2541, 4214, 8870, 3092, 5087, 3846, 4451, 7402, 8631, 2194, 669, 8722, 2807, 8329, 9919, 2423, 8772, 603, 7509, 1258, 2248, 3941, 8876, 5002, 7823, 4817, 8005, 2428, 5882, 9852, 2223, 9427, 631, 1987, 3924, 7021, 2502, 1911, 537, 6021, 8398, 1647, 8368, 9268, 419, 698, 6652, 2767, 2066, 6478, 8361, 6730, 8039, 4280, 7641, 9863, 1760, 5852, 2095, 4196, 7610, 8085, 1731, 4806, 4387, 450, 2902, 6748, 5883, 7952, 2446, 5211, 8210, 6168, 8663, 3303, 7616, 981, 5059, 3324, 1157, 4589, 2358, 8863, 9239, 4967, 8984, 421, 1074, 7597, 9379, 1167, 1126, 743, 6746, 8934, 5904, 8823, 2545, 7678, 3188, 9572, 3873, 6820, 2059, 6790, 5719, 581, 4497, 7449, 1790, 2408, 3793, 138, 1108, 184, 5971, 1767, 1226, 7649, 9687, 9734, 104, 985, 9413, 4083, 8916, 1523, 4889, 5445, 9772, 7261, 3026, 7273, 3560, 3376, 7154, 1659, 1409, 7862, 1885, 3111, 5509, 1619, 6456, 6408, 8895, 6024, 6779, 7325, 1290, 3115, 1360, 3497, 783, 7302, 1550, 8888, 7624, 759, 340, 5955, 7138, 7271, 2581, 768, 4726, 5581, 7992, 3942, 5321, 3848, 5596, 1945, 8293, 505, 4199, 4870, 6996, 172, 7748, 6417, 2178, 3119, 5173, 475, 2444, 9401, 6319, 2734, 5503, 6948, 7281, 4284, 7939, 7237, 2063, 7764, 348, 1415, 3865, 4718, 7729, 440, 2369, 6626, 204, 6137, 5448, 6141, 4042, 2045, 9603, 1075, 8045, 7965, 7469, 4898, 1884, 2786, 7114, 5560, 4730, 8095, 4858, 7842, 1378, 609, 277, 3068, 8465, 4788, 7533, 1908, 8547, 382, 2112, 0], [794, 5080, 3565, 9640, 2814, 7029, 1696, 9181, 2388, 2718, 7287, 7418, 7622, 6384, 3573, 4069, 4380, 3597, 5140, 456, 2567, 3210, 5449, 1663, 4116, 3316, 8596, 5232, 2485, 4663, 6721, 8603, 486, 3930, 8974, 752, 2497, 6630, 5026, 8158, 3901, 4269, 4680, 7827, 8568, 7195, 9543, 2239, 9325, 8693, 2776, 7847, 3045, 3812, 556, 1228, 8678, 6927, 1563, 2419, 1063, 6933, 9935, 4286, 1687, 4242, 5320, 2529, 3151, 4051, 5651, 9515, 3582, 1152, 4078, 6241, 2614, 4275, 6278, 3249, 3416, 2957, 3405, 9590, 5268, 8538, 1978, 1028, 5312, 8413, 5767, 9599, 2047, 3229, 5305, 964, 1215, 2630, 3609, 7089, 832, 8446, 1419, 2457, 7105, 8698, 4634, 8346, 6972, 1561, 2658, 8245, 1458, 8228, 6228, 7930, 8062, 5134, 5918, 9218, 2398, 4107, 4811, 7339, 1499, 8262, 8718, 3914, 4369, 4376, 3082, 2912, 7153, 6078, 7129, 5151, 266, 1429, 1747, 5908, 2743, 4020, 4314, 5913, 9889, 7581, 2735, 9302, 4549, 8563, 5071, 8938, 2484, 47, 5429, 2453, 6469, 307, 734, 5078, 106, 111, 394, 1910, 8546, 1348, 3221, 1578, 7811, 1338, 3216, 7427, 8708, 842, 2522, 8164, 9084, 8691, 6113, 9177, 5163, 605, 3605, 1418, 4248, 9796, 9865, 579, 974, 6298, 9458, 3576, 7279, 7493, 8537, 8827, 6339, 3290, 7747, 5571, 3729, 6793, 7462, 9377, 4228, 4901, 9094, 5575, 1486, 3344, 7698, 9528, 6398, 1603, 6161, 5453, 5693, 3884, 928, 6823, 6249, 381, 2116, 3521, 3982, 640, 4720, 4769, 7242, 320, 1507, 1220, 5386, 2293, 6738, 3586, 1384, 9930, 8548, 5696, 5464, 7174, 3436, 6488, 619, 1828, 7717, 1003, 9828, 7964, 9883, 9428, 9576, 1128, 1820, 2024, 8065, 4939, 1485, 8495, 6699, 5083, 4859, 8527, 1939, 72, 632, 4612, 3300, 9294, 4895, 5847, 5969, 6863, 1853, 9438, 3867, 8261, 8365, 5900, 4641, 3526, 9235, 97, 3360, 8925, 9900, 1490, 3452, 6332, 5399, 5546, 1683, 1164, 1426, 4586, 7805, 5041, 1920, 5426, 4922, 5862, 1553, 2067, 4034, 9688, 78, 438, 2093, 4575, 8075, 5118, 970, 1697, 5301, 2906, 7301, 9217, 1752, 5507, 665, 2495, 2062, 4517, 8887, 7077, 8588, 869, 1412, 8352, 2782, 6687, 6950, 7731, 7670, 5150, 6318, 4681, 9146, 5175, 8161, 4224, 8479, 9602, 7925, 8632, 4615, 122, 1363, 3287, 4779, 1927, 1831, 5603, 8139, 9497, 4484, 4064, 4426, 7134, 781, 9304, 7094, 9870, 841, 7409, 1504, 59, 7083, 9295, 5090, 3017, 6628, 7813, 4733, 9487, 4340, 8189, 8323, 1557, 2938, 5384, 9261, 722, 4791, 57, 2049, 6436, 2984, 5564, 9041, 2730, 626, 916, 3459, 6808, 9770, 5123, 7252, 60, 1002, 3892, 6647, 3917, 8093, 8911, 8981, 4959, 8077, 2755, 3496, 4597, 8395, 8898, 5110, 4277, 2221, 6942, 9834, 1601, 524, 4359, 2160, 23, 8607, 9147, 966, 4966, 7171, 1088, 7661, 9011, 6678, 8742, 5630, 3363, 2998, 3828, 4307, 7392, 9199, 1796, 3974, 4551, 6153, 6591, 8480, 957, 4007, 672, 1517, 4373, 4170, 5615, 6741, 8130, 34, 2227, 6988, 8778, 9561, 2426, 662, 9059, 6865, 9974, 1807, 3332, 3894, 6461, 1195, 6507, 9712, 6057, 8886, 5921, 4964, 8659, 5965, 3781, 585, 4770, 7617, 7665, 5880, 2439, 4071, 9287, 8450, 9556, 1337, 8713, 2075, 3095, 1536, 3289, 4703, 6671, 2934, 9857, 7466, 2004, 5521, 8429, 1342, 5589, 5769, 6008, 8715, 4518, 499, 4659, 1039, 3509, 3770, 9017, 8992, 9508, 8674, 1562, 8169, 4100, 6425, 8232, 7535, 6236, 7489, 3321, 7337, 8937, 384, 4500, 9105, 9669, 1139, 7966, 89, 3228, 4103, 4985, 5488, 9552, 4276, 2381, 3694, 5764, 8902, 3542, 7997, 4115, 2738, 5169, 7744, 6758, 7498, 5616, 6677, 9280, 549, 2200, 2421, 45, 4176, 3288, 1106, 6462, 4183, 7490, 7906, 7582, 1060, 501, 9757, 6449, 4904, 5086, 9229, 6514, 9400, 5763, 7157, 9631, 4168, 2931, 4953, 8681, 9628, 2027, 8645, 9186, 8880, 6407, 8014, 8814, 2265, 2246, 5341, 280, 5440, 8892, 342, 3469, 7060, 5475, 4676, 5153, 6986, 400, 7165, 532, 2365, 3850, 6733, 6749, 8163, 3552, 3771, 5099, 8264, 876, 3083, 7485, 5089, 523, 9233, 1635, 5578, 5159, 1443, 5313, 1862, 7289, 9906, 5008, 7241, 2181, 6759, 6913, 8852, 3862, 1487, 4345, 5588, 9729, 6958, 1668, 9776, 4099, 4981, 1695, 5491, 9506, 2633, 3967, 9481, 8483, 725, 2547, 5170, 378, 5136, 6010, 1836, 9577, 2907, 9068, 6251, 7278, 1710, 4361, 5375, 8421, 77, 7307, 2165, 613, 9050, 9953, 5992, 6076, 9308, 1650, 6943, 79, 5518, 6523, 1100, 4527, 5878, 3821, 4948, 3354, 6559, 2653, 3585, 3381, 8643, 5671, 380, 5190, 6674, 4472, 5005, 6584, 1386, 6420, 216, 1240, 2130, 8017, 6442, 7735, 3747, 6045, 463, 5412, 3175, 8111, 195, 2530, 3630, 639, 7461, 7705, 2474, 9789, 2669, 6540, 7323, 9744, 3259, 6932, 2380, 567, 4843, 5727, 3979, 4219, 8865, 8842, 1339, 1751, 8183, 6107, 8700, 8524, 2015, 1923, 8705, 4970, 9924, 7530, 6657, 2493, 1037, 3476, 8402, 7470, 4256, 9531, 4240, 1445, 5121, 7334, 5712, 800, 5184, 1926, 7460, 7537, 18, 7044, 9747, 5279, 7635, 5641, 3540, 9762, 4748, 5970, 5168, 2577, 424, 6142, 4784, 1986, 4201, 4744, 8205, 4149, 9843, 4933, 3607, 63, 9], [55, 2975, 7646, 4187, 6592, 460, 7477, 8995, 332, 3172, 4665, 3992, 166, 2238, 3742, 8890, 5775, 5500, 6219, 1132, 5138, 9439, 4983, 5815, 2072, 4642, 8096, 4258, 1508, 7225, 5324, 1168, 3170, 6858, 7465, 6448, 6505, 1871, 3550, 9715, 5283, 6984, 8580, 551, 3334, 1614, 3600, 2475, 3546, 5540, 3394, 3547, 9338, 9549, 9238, 44], [37, 7775, 8647, 3193, 8656, 3606, 9847, 5985, 8751, 8851, 1967, 5963, 1975, 5545, 1775, 6608, 9589, 1479, 1512, 2393, 4326, 1294, 3012, 1602, 6777, 5249, 913, 3518, 4574, 7463, 9582, 4593, 4976, 314, 1682, 5888, 9078, 40], [22, 2033, 7410, 3342, 8759, 1569, 7156, 2145, 5947, 6099, 1343, 8472, 2612, 6210, 708, 4865, 7942, 9200, 3302, 8584, 3532, 6131, 335], [17, 8024, 6159, 1151, 3201, 2600, 5213, 7269, 8203, 9361, 1559, 4207, 425, 5732, 2871, 5161, 8575, 271], [17, 2531, 9635, 423, 2456, 2378, 3304, 6737, 7792, 1620, 5025, 5697, 6899, 8263, 2449, 8373, 6768, 268], [15, 2946, 8521, 9330, 6292, 9854, 8418, 9376, 1704, 3570, 3471, 3761, 9310, 7933, 9026, 731], [15, 6867, 4749, 8846, 2532, 8462, 2325, 6122, 2972, 4960, 1702, 5703, 2602, 9415, 3202, 675], [15, 7085, 7430, 6244, 779, 6976, 4131, 5745, 1007, 1084, 3123, 372, 4694, 6086, 9286, 276], [14, 316, 5192, 2680, 5877, 9488, 1369, 4460, 6196, 6247, 9045, 740, 7614, 3676, 37], [12, 3346, 5885, 7746, 8426, 6551, 4420, 2623, 8252, 1525, 1739, 762, 462], [11, 127, 2225, 7226, 8487, 7079, 5344, 9335, 994, 2036, 8284, 2], [10, 7657, 8807, 6018, 9382, 6644, 8820, 4180, 5975, 7700, 1455], [10, 904, 3098, 6539, 3237, 9029, 4578, 7820, 7572, 8561, 623], [10, 6734, 9869, 8953, 2025, 7219, 8804, 2128, 4538, 5833, 223], [9, 8676, 9431, 4195, 4491, 9467, 7682, 4143, 8971, 3557], [9, 2996, 5684, 4453, 9593, 4591, 5811, 8258, 5826, 2284], [9, 5604, 9291, 6014, 5383, 4602, 7929, 4128, 2384, 1251], [9, 5983, 6064, 9022, 588, 6103, 6496, 8530, 1345, 529], [9, 2307, 4944, 1962, 7911, 1778, 7564, 7175, 7927, 197], [9, 1709, 6147, 6452, 679, 3333, 3966, 7345, 8806, 169], [9, 2310, 9060, 357, 2629, 3724, 6603, 4936, 9670, 152], [9, 7912, 664, 4154, 5639, 219, 6873, 3824, 5931, 33], [8, 5085, 8714, 9047, 5266, 8964, 4825, 6878, 2085], [8, 5396, 6136, 4710, 8689, 2560, 7471, 5997, 1848], [8, 4498, 6581, 5922, 8907, 7248, 1819, 6321, 1574], [8, 1452, 3263, 5240, 9042, 9982, 1592, 5070, 1356], [8, 2198, 9057, 7106, 9063, 5773, 9025, 2751, 1281], [8, 2330, 6684, 4372, 1676, 4723, 6763, 1627, 1237], [8, 7608, 6012, 2260, 6773, 6271, 6839, 6912, 924], [8, 5524, 8035, 7765, 1303, 8102, 2781, 3615, 828], [7, 8581, 6237, 8064, 5850, 7332, 8355, 2503], [7, 4147, 3411, 3090, 3969, 6911, 4094, 2148], [7, 3898, 5264, 5295, 9742, 2888, 9096, 1260], [7, 8033, 9524, 1238, 5601, 7314, 1134, 742], [7, 7136, 2901, 5828, 6530, 2858, 2443, 520], [7, 6446, 7497, 9259, 3417, 8132, 2762, 412], [7, 8900, 3911, 4436, 2686, 7917, 5472, 404], [7, 2285, 5285, 9117, 7375, 3711, 3811, 385], [7, 763, 7422, 4677, 1408, 4212, 7876, 362], [6, 4322, 3910, 7800, 8951, 4735, 2848], [6, 3959, 5625, 6022, 7331, 9933, 2702], [6, 5394, 8579, 3245, 9842, 9433, 2374], [6, 8573, 7844, 8768, 8782, 6152, 2339], [6, 2438, 2593, 4178, 3646, 2754, 1894], [6, 2215, 4161, 3130, 5649, 5042, 1705], [6, 7476, 2454, 6276, 7517, 2563, 1604], [6, 2420, 9357, 9816, 2016, 8883, 1535], [6, 2473, 9818, 3275, 7851, 5176, 1252], [6, 1950, 6564, 1470, 3713, 9024, 843], [6, 1907, 4473, 9806, 3832, 8319, 817], [6, 3308, 4194, 8944, 5967, 3651, 701], [6, 1966, 5666, 7691, 1158, 4780, 146], [6, 8297, 6259, 1869, 8071, 2664, 3], [5, 5177, 5438, 9461, 8091, 4886], [5, 4705, 8908, 6125, 7212, 4630], [5, 4996, 6772, 3778, 8618, 3426], [5, 5045, 7051, 3741, 8394, 2705], [5, 7687, 7478, 9636, 6869, 2347], [5, 5497, 7283, 7343, 8861, 2304], [5, 6550, 9633, 9810, 4169, 2226], [5, 3197, 8605, 6692, 9478, 1771], [5, 8271, 3078, 8427, 6282, 1716], [5, 5252, 7840, 4174, 8961, 1413], [5, 5317, 2936, 1889, 1826, 1308], [5, 5910, 6966, 6473, 8291, 1010], [5, 2297, 9083, 4802, 9339, 976], [5, 7062, 6951, 2608, 6097, 796], [5, 5098, 6862, 9390, 9743, 761], [5, 1547, 4869, 3754, 1112, 697], [5, 6062, 8766, 4110, 5681, 658], [5, 8209, 1131, 7035, 5583, 557], [5, 9657, 999, 4449, 4431, 539], [5, 782, 7809, 1707, 8288, 536], [5, 3631, 7683, 3250, 4900, 500], [5, 9107, 604, 1081, 6845, 256], [5, 3593, 3628, 8489, 3267, 64], [5, 8424, 1000, 5618, 3688, 49], [5, 4965, 4047, 8929, 1057, 20], [4, 7456, 7558, 9819, 5332], [4, 7605, 6663, 9224, 5269], [4, 7789, 9496, 7962, 4740], [4, 5605, 5842, 7632, 4403], [4, 7495, 7511, 7177, 4155], [4, 4374, 6100, 5484, 4024], [4, 6227, 6613, 7737, 3823], [4, 5629, 7936, 8781, 3814], [4, 7920, 6492, 9240, 3764], [4, 9174, 5557, 8947, 3367], [4, 5020, 9115, 3559, 3198], [4, 3610, 4603, 5508, 3166], [4, 9453, 5223, 7549, 3063], [4, 6602, 3519, 3525, 2964], [4, 5185, 7943, 9612, 2924], [4, 9970, 9490, 4792, 2922], [4, 3639, 7797, 7192, 2716], [4, 6822, 7634, 3460, 2656], [4, 5594, 4086, 9463, 2655], [4, 3680, 6855, 5512, 2327], [4, 3120, 4523, 9194, 2309], [4, 9152, 4336, 4600, 2189], [4, 8063, 2362, 7529, 2035], [4, 2778, 4576, 9366, 1981], [4, 9090, 7125, 6844, 1909], [4, 7137, 9069, 3621, 1861], [4, 3879, 4407, 5549, 1776], [4, 6198, 7274, 9153, 1774], [4, 6072, 9088, 4652, 1715], [4, 3029, 2414, 2983, 1691], [4, 2620, 8564, 2041, 1672], [4, 5903, 5361, 5737, 1625], [4, 2672, 6719, 8382, 1587], [4, 8516, 8730, 8002, 1444], [4, 5735, 4050, 9785, 1433], [4, 8086, 9423, 2005, 1227], [4, 3280, 9926, 7170, 1217], [4, 7519, 6309, 5790, 1114], [4, 9184, 9456, 6713, 877], [4, 6447, 3744, 7918, 852], [4, 1737, 5865, 9320, 736], [4, 4354, 8195, 5678, 458], [4, 8384, 616, 7567, 437], [4, 9089, 8031, 8578, 409], [4, 728, 6672, 8993, 366], [4, 4081, 4095, 7417, 303], [4, 3094, 8822, 1983, 269], [4, 3681, 9006, 254, 212], [4, 6441, 1306, 3847, 191], [4, 2003, 6415, 8931, 101], [4, 4221, 2987, 8545, 98], [4, 6372, 9905, 3400, 29], [3, 9405, 9960, 8921], [3, 8022, 9769, 8018], [3, 7834, 9758, 7232], [3, 7732, 7696, 6761], [3, 8893, 7512, 6579], [3, 9727, 7932, 6429], [3, 6553, 6316, 6281], [3, 6760, 7329, 6171], [3, 8660, 9005, 5988], [3, 9303, 9596, 5932], [3, 8556, 8664, 5871], [3, 6960, 9167, 5863], [3, 7801, 6388, 5710], [3, 5996, 9192, 5591], [3, 8279, 9592, 5297], [3, 8494, 6082, 5178], [3, 9567, 9648, 5079], [3, 5548, 8843, 4787], [3, 5311, 5962, 4716], [3, 7998, 5777, 4707], [3, 9798, 8786, 4616], [3, 7053, 8949, 4590], [3, 5452, 9872, 4448], [3, 8774, 7659, 4397], [3, 9101, 6806, 4377], [3, 7886, 7703, 4364], [3, 6527, 9836, 4313], [3, 6145, 7075, 4259], [3, 7783, 7316, 4250], [3, 5359, 4351, 4040], [3, 4892, 6128, 3984], [3, 9897, 7901, 3932], [3, 6740, 8666, 3725], [3, 7604, 4935, 3721], [3, 8050, 8128, 3697], [3, 9342, 8716, 3689], [3, 6418, 8066, 3664], [3, 3762, 4507, 3581], [3, 3603, 9940, 3474], [3, 6267, 9541, 3409], [3, 9255, 3876, 3285], [3, 6769, 8333, 3246], [3, 7532, 6697, 3225], [3, 8301, 3391, 3186], [3, 3351, 5149, 3173], [3, 6243, 8115, 3138], [3, 8952, 9972, 3065], [3, 4260, 4533, 2956], [3, 6118, 6920, 2943], [3, 3575, 8894, 2828], [3, 3908, 9726, 2808], [3, 7648, 4032, 2795], [3, 3392, 5156, 2753], [3, 4684, 8240, 2719], [3, 6544, 8010, 2688], [3, 3719, 8083, 2595], [3, 4140, 7109, 2580], [3, 7265, 8438, 2548], [3, 2855, 7650, 2494], [3, 5353, 5536, 2462], [3, 6890, 5984, 2371], [3, 7860, 8839, 2278], [3, 6169, 7260, 2277], [3, 2236, 8370, 2209], [3, 6680, 6003, 2177], [3, 2452, 9936, 2169], [3, 8267, 4617, 2098], [3, 3209, 5328, 2090], [3, 8152, 2244, 2061], [3, 5738, 8915, 2040], [3, 7180, 6851, 2037], [3, 5876, 4391, 1919], [3, 7488, 2328, 1825], [3, 4166, 8554, 1802], [3, 5206, 7667, 1801], [3, 2911, 9833, 1766], [3, 5446, 3841, 1733], [3, 6747, 5043, 1718], [3, 5682, 2356, 1658], [3, 4512, 8943, 1484], [3, 1729, 7411, 1460], [3, 6123, 1653, 1407], [3, 9297, 7467, 1351], [3, 3137, 9138, 1305], [3, 4993, 7815, 1263], [3, 1656, 6053, 1244], [3, 7434, 4073, 1235], [3, 6770, 6870, 1219], [3, 8335, 7312, 1104], [3, 6809, 7144, 1093], [3, 1476, 7990, 1092], [3, 1173, 2574, 1080], [3, 9703, 2218, 1032], [3, 1277, 3602, 1024], [3, 9981, 2102, 987], [3, 2853, 7294, 954], [3, 1992, 4271, 943], [3, 2018, 2311, 857], [3, 7807, 4186, 801], [3, 7900, 7727, 732], [3, 3108, 9085, 700], [3, 9807, 1994, 690], [3, 4721, 8386, 625], [3, 2586, 6026, 618], [3, 9651, 7041, 558], [3, 3102, 6214, 510], [3, 6764, 7464, 507], [3, 6337, 7369, 493], [3, 6395, 6511, 491], [3, 3795, 8747, 490], [3, 1225, 4282, 457], [3, 2267, 4651, 443], [3, 3191, 9436, 411], [3, 9244, 6895, 405], [3, 2222, 2675, 359], [3, 9449, 2572, 321], [3, 1594, 4706, 298], [3, 5434, 9620, 265], [3, 6263, 9683, 205], [3, 6816, 8425, 180], [3, 1510, 6557, 128], [3, 8609, 1842, 55], [3, 1755, 8300, 10], [2, 9613, 9559], [2, 9704, 9464], [2, 9332, 9257], [2, 9876, 9213], [2, 9168, 9110], [2, 9193, 8991], [2, 9987, 8948], [2, 9536, 8918], [2, 9759, 8909], [2, 9908, 8855], [2, 9971, 8802], [2, 9092, 8735], [2, 9629, 8535], [2, 9850, 8500], [2, 9114, 8367], [2, 9267, 8336], [2, 9350, 8126], [2, 9823, 8049], [2, 9525, 7934], [2, 8154, 7914], [2, 9616, 7859], [2, 9949, 7822], [2, 9434, 7806], [2, 9826, 7736], [2, 8238, 7575], [2, 7922, 7560], [2, 9373, 7384], [2, 7905, 7363], [2, 9208, 7290], [2, 9724, 7259], [2, 8304, 7088], [2, 9587, 7067], [2, 8366, 7064], [2, 7199, 7052], [2, 7993, 7037], [2, 7758, 7020], [2, 8590, 6983], [2, 9955, 6957], [2, 7158, 6828], [2, 6891, 6794], [2, 9134, 6701], [2, 8012, 6646], [2, 7712, 6635], [2, 8354, 6600], [2, 7759, 6537], [2, 6717, 6510], [2, 7182, 6486], [2, 7291, 6485], [2, 7651, 6400], [2, 9846, 6346], [2, 9736, 6322], [2, 9370, 6320], [2, 6354, 6283], [2, 9419, 6218], [2, 8950, 6134], [2, 6148, 6098], [2, 7627, 6093], [2, 7904, 6080], [2, 9797, 6071], [2, 7344, 6050], [2, 7877, 6044], [2, 7245, 6040], [2, 6255, 6025], [2, 6847, 5946], [2, 7197, 5890], [2, 6607, 5853], [2, 7525, 5827], [2, 6995, 5810], [2, 6904, 5744], [2, 7552, 5734], [2, 9979, 5718], [2, 7894, 5701], [2, 9452, 5698], [2, 8290, 5692], [2, 6898, 5660], [2, 8577, 5608], [2, 6611, 5597], [2, 6280, 5567], [2, 9337, 5563], [2, 9892, 5530], [2, 7441, 5492], [2, 8830, 5462], [2, 7745, 5457], [2, 7096, 5456], [2, 5674, 5442], [2, 9072, 5428], [2, 7984, 5401], [2, 8858, 5300], [2, 9479, 5286], [2, 8683, 5284], [2, 8510, 5275], [2, 8192, 5236], [2, 8946, 5228], [2, 9886, 5222], [2, 9385, 5219], [2, 7733, 5171], [2, 8816, 5147], [2, 9387, 5130], [2, 5443, 5127], [2, 7598, 5075], [2, 9477, 5049], [2, 9365, 5017], [2, 5288, 5001], [2, 7882, 4938], [2, 6586, 4934], [2, 7022, 4906], [2, 9274, 4905], [2, 5907, 4880], [2, 5348, 4864], [2, 6178, 4821], [2, 9553, 4810], [2, 9917, 4807], [2, 7856, 4803], [2, 9868, 4757], [2, 7508, 4750], [2, 5573, 4725], [2, 6859, 4724], [2, 9678, 4714], [2, 6239, 4690], [2, 6373, 4585], [2, 9054, 4487], [2, 8401, 4410], [2, 4528, 4386], [2, 9775, 4365], [2, 6120, 4362], [2, 6558, 4318], [2, 5517, 4310], [2, 5978, 4309], [2, 6661, 4298], [2, 6475, 4272], [2, 4647, 4245], [2, 8968, 4244], [2, 4827, 4222], [2, 8113, 4217], [2, 9984, 4204], [2, 6009, 4189], [2, 8117, 4175], [2, 7723, 4146], [2, 6801, 4124], [2, 6166, 4112], [2, 5103, 4104], [2, 9701, 4092], [2, 8771, 4088], [2, 4881, 4002], [2, 6919, 3995], [2, 5186, 3976], [2, 7076, 3895], [2, 6797, 3860], [2, 8454, 3842], [2, 8994, 3837], [2, 8390, 3816], [2, 5791, 3815], [2, 3977, 3805], [2, 7086, 3801], [2, 6175, 3774], [2, 9773, 3751], [2, 4884, 3718], [2, 8036, 3717], [2, 6910, 3699], [2, 9203, 3698], [2, 6192, 3674], [2, 9581, 3665], [2, 5164, 3629], [2, 8286, 3622], [2, 8356, 3578], [2, 8160, 3572], [2, 4919, 3494], [2, 9064, 3493], [2, 6915, 3486], [2, 6547, 3478], [2, 3806, 3432], [2, 5128, 3431], [2, 6330, 3427], [2, 6916, 3380], [2, 4287, 3330], [2, 4781, 3315], [2, 8225, 3266], [2, 8311, 3181], [2, 6780, 3177], [2, 5819, 3150], [2, 6223, 3140], [2, 5857, 3134], [2, 9718, 3126], [2, 3272, 3110], [2, 7179, 3071], [2, 4317, 3069], [2, 4191, 3038], [2, 7101, 3035], [2, 5776, 3011], [2, 6504, 3005], [2, 7173, 2977], [2, 8116, 2969], [2, 4192, 2908], [2, 9682, 2870], [2, 3270, 2863], [2, 5724, 2859], [2, 4559, 2825], [2, 7718, 2801], [2, 5958, 2794], [2, 4767, 2780], [2, 2758, 2732], [2, 6173, 2727], [2, 6588, 2713], [2, 3033, 2693], [2, 3429, 2683], [2, 8174, 2682], [2, 9454, 2681], [2, 8259, 2641], [2, 6682, 2617], [2, 7619, 2610], [2, 9018, 2554], [2, 9517, 2549], [2, 9003, 2539], [2, 8255, 2536], [2, 9460, 2524], [2, 6333, 2481], [2, 2558, 2434], [2, 6656, 2413], [2, 5531, 2391], [2, 7229, 2390], [2, 7679, 2357], [2, 4606, 2352], [2, 3524, 2351], [2, 7766, 2349], [2, 7309, 2318], [2, 8682, 2316], [2, 2295, 2291], [2, 8825, 2256], [2, 5720, 2193], [2, 5662, 2166], [2, 7200, 2158], [2, 9665, 2157], [2, 3645, 2152], [2, 3487, 2133], [2, 8787, 2111], [2, 4671, 2099], [2, 5527, 2064], [2, 6866, 2052], [2, 5220, 2031], [2, 3878, 2019], [2, 9765, 2006], [2, 8754, 1999], [2, 9009, 1973], [2, 6634, 1938], [2, 5702, 1928], [2, 8054, 1903], [2, 9609, 1897], [2, 3820, 1854], [2, 9716, 1851], [2, 6852, 1840], [2, 3312, 1829], [2, 9189, 1823], [2, 3169, 1809], [2, 2726, 1808], [2, 7264, 1795], [2, 4503, 1786], [2, 3510, 1726], [2, 4011, 1698], [2, 7322, 1661], [2, 2896, 1645], [2, 6294, 1640], [2, 2185, 1639], [2, 9437, 1632], [2, 5645, 1615], [2, 1764, 1570], [2, 3379, 1473], [2, 6480, 1467], [2, 6525, 1459], [2, 7208, 1451], [2, 2427, 1396], [2, 7921, 1388], [2, 7803, 1382], [2, 7982, 1361], [2, 4461, 1355], [2, 8208, 1350], [2, 2809, 1346], [2, 8315, 1319], [2, 5974, 1315], [2, 8699, 1234], [2, 9245, 1206], [2, 9349, 1183], [2, 1439, 1171], [2, 2487, 1170], [2, 1959, 1163], [2, 7169, 1162], [2, 3264, 1159], [2, 6491, 1136], [2, 6013, 1122], [2, 1803, 1111], [2, 8720, 1102], [2, 6370, 1046], [2, 6440, 1044], [2, 5162, 995], [2, 6882, 989], [2, 7352, 963], [2, 6424, 937], [2, 7675, 911], [2, 1198, 905], [2, 1483, 880], [2, 6538, 870], [2, 2589, 858], [2, 4722, 837], [2, 3545, 833], [2, 2793, 820], [2, 2263, 802], [2, 3888, 778], [2, 2708, 775], [2, 3756, 771], [2, 8696, 751], [2, 2651, 749], [2, 6993, 724], [2, 8204, 720], [2, 4801, 706], [2, 2210, 704], [2, 2511, 684], [2, 7768, 666], [2, 7003, 656], [2, 1667, 653], [2, 8808, 647], [2, 5552, 646], [2, 6885, 645], [2, 9051, 638], [2, 2186, 633], [2, 9316, 628], [2, 7479, 612], [2, 2538, 596], [2, 1079, 580], [2, 3168, 578], [2, 4005, 574], [2, 1160, 563], [2, 3167, 517], [2, 5350, 506], [2, 3399, 439], [2, 3053, 435], [2, 3439, 428], [2, 9967, 426], [2, 7001, 418], [2, 3527, 406], [2, 7500, 395], [2, 5951, 393], [2, 3647, 389], [2, 6589, 374], [2, 6089, 365], [2, 2709, 350], [2, 9964, 344], [2, 8488, 331], [2, 3567, 313], [2, 5355, 304], [2, 3870, 283], [2, 4101, 245], [2, 484, 181], [2, 1593, 159], [2, 3203, 150], [2, 6595, 145], [2, 6962, 141], [2, 188, 140], [2, 8076, 120], [2, 906, 113], [2, 3323, 102], [2, 5133, 93], [2, 6807, 84], [2, 9654, 58], [2, 979, 56], [2, 3450, 27], [2, 4079, 19], [2, 7397, 13], [2, 9307, 8], [1, 9985], [1, 9983], [1, 9976], [1, 9975], [1, 9969], [1, 9968], [1, 9965], [1, 9961], [1, 9957], [1, 9951], [1, 9946], [1, 9945], [1, 9943], [1, 9942], [1, 9932], [1, 9928], [1, 9925], [1, 9922], [1, 9918], [1, 9915], [1, 9912], [1, 9911], [1, 9904], [1, 9899], [1, 9896], [1, 9894], [1, 9888], [1, 9884], [1, 9881], [1, 9875], [1, 9871], [1, 9867], [1, 9864], [1, 9860], [1, 9844], [1, 9840], [1, 9839], [1, 9837], [1, 9835], [1, 9832], [1, 9831], [1, 9830], [1, 9829], [1, 9827], [1, 9825], [1, 9820], [1, 9815], [1, 9814], [1, 9809], [1, 9803], [1, 9801], [1, 9800], [1, 9795], [1, 9792], [1, 9791], [1, 9788], [1, 9786], [1, 9783], [1, 9779], [1, 9764], [1, 9763], [1, 9761], [1, 9760], [1, 9756], [1, 9752], [1, 9751], [1, 9749], [1, 9748], [1, 9741], [1, 9740], [1, 9739], [1, 9738], [1, 9737], [1, 9735], [1, 9733], [1, 9732], [1, 9731], [1, 9728], [1, 9725], [1, 9717], [1, 9708], [1, 9706], [1, 9705], [1, 9699], [1, 9698], [1, 9695], [1, 9693], [1, 9686], [1, 9685], [1, 9681], [1, 9679], [1, 9677], [1, 9676], [1, 9672], [1, 9671], [1, 9666], [1, 9664], [1, 9662], [1, 9661], [1, 9643], [1, 9639], [1, 9638], [1, 9625], [1, 9624], [1, 9622], [1, 9621], [1, 9619], [1, 9617], [1, 9615], [1, 9614], [1, 9611], [1, 9607], [1, 9605], [1, 9601], [1, 9597], [1, 9595], [1, 9588], [1, 9586], [1, 9583], [1, 9579], [1, 9578], [1, 9574], [1, 9573], [1, 9569], [1, 9568], [1, 9566], [1, 9565], [1, 9564], [1, 9560], [1, 9557], [1, 9548], [1, 9547], [1, 9546], [1, 9542], [1, 9540], [1, 9537], [1, 9521], [1, 9520], [1, 9514], [1, 9512], [1, 9505], [1, 9504], [1, 9500], [1, 9492], [1, 9491], [1, 9489], [1, 9483], [1, 9471], [1, 9468], [1, 9459], [1, 9451], [1, 9448], [1, 9444], [1, 9443], [1, 9429], [1, 9424], [1, 9420], [1, 9417], [1, 9412], [1, 9409], [1, 9404], [1, 9394], [1, 9393], [1, 9389], [1, 9380], [1, 9378], [1, 9375], [1, 9372], [1, 9371], [1, 9364], [1, 9360], [1, 9358], [1, 9356], [1, 9355], [1, 9351], [1, 9341], [1, 9336], [1, 9327], [1, 9326], [1, 9322], [1, 9318], [1, 9317], [1, 9315], [1, 9314], [1, 9313], [1, 9309], [1, 9306], [1, 9305], [1, 9301], [1, 9290], [1, 9288], [1, 9282], [1, 9281], [1, 9279], [1, 9275], [1, 9272], [1, 9271], [1, 9270], [1, 9269], [1, 9266], [1, 9262], [1, 9260], [1, 9253], [1, 9250], [1, 9249], [1, 9247], [1, 9243], [1, 9241], [1, 9236], [1, 9231], [1, 9228], [1, 9226], [1, 9216], [1, 9215], [1, 9212], [1, 9211], [1, 9210], [1, 9209], [1, 9207], [1, 9204], [1, 9201], [1, 9198], [1, 9197], [1, 9187], [1, 9180], [1, 9172], [1, 9166], [1, 9165], [1, 9163], [1, 9162], [1, 9161], [1, 9159], [1, 9158], [1, 9156], [1, 9155], [1, 9148], [1, 9145], [1, 9143], [1, 9142], [1, 9137], [1, 9136], [1, 9133], [1, 9132], [1, 9130], [1, 9127], [1, 9126], [1, 9125], [1, 9123], [1, 9113], [1, 9111], [1, 9103], [1, 9102], [1, 9099], [1, 9093], [1, 9086], [1, 9082], [1, 9081], [1, 9080], [1, 9079], [1, 9077], [1, 9075], [1, 9071], [1, 9067], [1, 9061], [1, 9049], [1, 9048], [1, 9043], [1, 9038], [1, 9037], [1, 9036], [1, 9032], [1, 9031], [1, 9027], [1, 9021], [1, 9015], [1, 9014], [1, 9013], [1, 9008], [1, 9001], [1, 8999], [1, 8998], [1, 8997], [1, 8996], [1, 8988], [1, 8987], [1, 8985], [1, 8979], [1, 8972], [1, 8970], [1, 8969], [1, 8967], [1, 8960], [1, 8955], [1, 8954], [1, 8942], [1, 8939], [1, 8935], [1, 8933], [1, 8932], [1, 8930], [1, 8922], [1, 8914], [1, 8913], [1, 8912], [1, 8910], [1, 8906], [1, 8903], [1, 8899], [1, 8897], [1, 8896], [1, 8879], [1, 8874], [1, 8873], [1, 8871], [1, 8869], [1, 8867], [1, 8866], [1, 8864], [1, 8857], [1, 8854], [1, 8849], [1, 8848], [1, 8845], [1, 8837], [1, 8836], [1, 8831], [1, 8828], [1, 8826], [1, 8812], [1, 8811], [1, 8810], [1, 8799], [1, 8796], [1, 8795], [1, 8792], [1, 8790], [1, 8783], [1, 8779], [1, 8764], [1, 8763], [1, 8756], [1, 8753], [1, 8752], [1, 8748], [1, 8746], [1, 8743], [1, 8741], [1, 8738], [1, 8734], [1, 8733], [1, 8729], [1, 8725], [1, 8724], [1, 8721], [1, 8719], [1, 8717], [1, 8707], [1, 8704], [1, 8695], [1, 8688], [1, 8679], [1, 8677], [1, 8675], [1, 8672], [1, 8669], [1, 8668], [1, 8662], [1, 8661], [1, 8657], [1, 8655], [1, 8651], [1, 8649], [1, 8639], [1, 8628], [1, 8627], [1, 8625], [1, 8623], [1, 8622], [1, 8621], [1, 8619], [1, 8604], [1, 8599], [1, 8595], [1, 8593], [1, 8592], [1, 8585], [1, 8582], [1, 8576], [1, 8574], [1, 8572], [1, 8571], [1, 8570], [1, 8569], [1, 8562], [1, 8559], [1, 8558], [1, 8555], [1, 8553], [1, 8551], [1, 8550], [1, 8539], [1, 8534], [1, 8533], [1, 8529], [1, 8528], [1, 8522], [1, 8518], [1, 8515], [1, 8514], [1, 8512], [1, 8511], [1, 8507], [1, 8506], [1, 8501], [1, 8499], [1, 8498], [1, 8497], [1, 8492], [1, 8491], [1, 8490], [1, 8482], [1, 8481], [1, 8475], [1, 8474], [1, 8473], [1, 8469], [1, 8467], [1, 8461], [1, 8460], [1, 8458], [1, 8455], [1, 8453], [1, 8451], [1, 8449], [1, 8442], [1, 8441], [1, 8439], [1, 8435], [1, 8434], [1, 8433], [1, 8422], [1, 8420], [1, 8419], [1, 8416], [1, 8414], [1, 8409], [1, 8407], [1, 8403], [1, 8400], [1, 8391], [1, 8388], [1, 8387], [1, 8381], [1, 8380], [1, 8379], [1, 8375], [1, 8371], [1, 8369], [1, 8359], [1, 8358], [1, 8357], [1, 8351], [1, 8350], [1, 8349], [1, 8347], [1, 8341], [1, 8339], [1, 8337], [1, 8334], [1, 8325], [1, 8322], [1, 8321], [1, 8313], [1, 8309], [1, 8306], [1, 8298], [1, 8287], [1, 8285], [1, 8282], [1, 8281], [1, 8278], [1, 8277], [1, 8275], [1, 8272], [1, 8265], [1, 8256], [1, 8254], [1, 8253], [1, 8251], [1, 8246], [1, 8243], [1, 8242], [1, 8239], [1, 8237], [1, 8235], [1, 8227], [1, 8222], [1, 8218], [1, 8216], [1, 8213], [1, 8207], [1, 8202], [1, 8201], [1, 8199], [1, 8198], [1, 8197], [1, 8196], [1, 8194], [1, 8193], [1, 8191], [1, 8185], [1, 8182], [1, 8181], [1, 8177], [1, 8173], [1, 8171], [1, 8166], [1, 8165], [1, 8157], [1, 8156], [1, 8153], [1, 8149], [1, 8148], [1, 8143], [1, 8140], [1, 8136], [1, 8135], [1, 8131], [1, 8127], [1, 8122], [1, 8120], [1, 8119], [1, 8114], [1, 8107], [1, 8106], [1, 8105], [1, 8101], [1, 8094], [1, 8090], [1, 8084], [1, 8082], [1, 8078], [1, 8074], [1, 8073], [1, 8069], [1, 8060], [1, 8041], [1, 8038], [1, 8037], [1, 8034], [1, 8030], [1, 8028], [1, 8027], [1, 8023], [1, 8015], [1, 8011], [1, 8008], [1, 7995], [1, 7991], [1, 7987], [1, 7980], [1, 7978], [1, 7977], [1, 7974], [1, 7968], [1, 7959], [1, 7958], [1, 7957], [1, 7955], [1, 7954], [1, 7951], [1, 7950], [1, 7949], [1, 7948], [1, 7944], [1, 7940], [1, 7937], [1, 7926], [1, 7923], [1, 7916], [1, 7915], [1, 7903], [1, 7899], [1, 7898], [1, 7897], [1, 7895], [1, 7893], [1, 7890], [1, 7884], [1, 7881], [1, 7880], [1, 7879], [1, 7874], [1, 7873], [1, 7872], [1, 7871], [1, 7865], [1, 7864], [1, 7854], [1, 7848], [1, 7846], [1, 7845], [1, 7843], [1, 7838], [1, 7837], [1, 7836], [1, 7831], [1, 7830], [1, 7829], [1, 7826], [1, 7818], [1, 7810], [1, 7808], [1, 7804], [1, 7802], [1, 7798], [1, 7795], [1, 7793], [1, 7791], [1, 7790], [1, 7788], [1, 7786], [1, 7780], [1, 7774], [1, 7770], [1, 7769], [1, 7767], [1, 7762], [1, 7761], [1, 7753], [1, 7751], [1, 7750], [1, 7740], [1, 7739], [1, 7726], [1, 7721], [1, 7719], [1, 7711], [1, 7708], [1, 7704], [1, 7702], [1, 7699], [1, 7686], [1, 7681], [1, 7680], [1, 7677], [1, 7674], [1, 7671], [1, 7666], [1, 7663], [1, 7658], [1, 7654], [1, 7652], [1, 7645], [1, 7644], [1, 7640], [1, 7638], [1, 7637], [1, 7636], [1, 7633], [1, 7630], [1, 7628], [1, 7626], [1, 7623], [1, 7620], [1, 7612], [1, 7607], [1, 7602], [1, 7601], [1, 7595], [1, 7594], [1, 7593], [1, 7592], [1, 7589], [1, 7584], [1, 7580], [1, 7579], [1, 7578], [1, 7577], [1, 7574], [1, 7570], [1, 7568], [1, 7565], [1, 7562], [1, 7561], [1, 7554], [1, 7553], [1, 7544], [1, 7539], [1, 7531], [1, 7527], [1, 7526], [1, 7522], [1, 7518], [1, 7516], [1, 7515], [1, 7513], [1, 7510], [1, 7502], [1, 7499], [1, 7494], [1, 7492], [1, 7487], [1, 7486], [1, 7484], [1, 7482], [1, 7481], [1, 7475], [1, 7474], [1, 7468], [1, 7459], [1, 7458], [1, 7457], [1, 7450], [1, 7448], [1, 7447], [1, 7446], [1, 7445], [1, 7444], [1, 7439], [1, 7437], [1, 7435], [1, 7433], [1, 7429], [1, 7426], [1, 7419], [1, 7414], [1, 7406], [1, 7399], [1, 7395], [1, 7394], [1, 7393], [1, 7387], [1, 7383], [1, 7378], [1, 7372], [1, 7371], [1, 7367], [1, 7365], [1, 7357], [1, 7356], [1, 7355], [1, 7353], [1, 7350], [1, 7349], [1, 7348], [1, 7347], [1, 7346], [1, 7340], [1, 7336], [1, 7333], [1, 7324], [1, 7321], [1, 7320], [1, 7317], [1, 7315], [1, 7308], [1, 7306], [1, 7300], [1, 7298], [1, 7296], [1, 7288], [1, 7285], [1, 7282], [1, 7280], [1, 7276], [1, 7275], [1, 7270], [1, 7263], [1, 7256], [1, 7251], [1, 7249], [1, 7247], [1, 7246], [1, 7244], [1, 7240], [1, 7238], [1, 7234], [1, 7233], [1, 7231], [1, 7228], [1, 7224], [1, 7222], [1, 7221], [1, 7215], [1, 7214], [1, 7213], [1, 7206], [1, 7204], [1, 7201], [1, 7186], [1, 7181], [1, 7172], [1, 7166], [1, 7164], [1, 7163], [1, 7162], [1, 7160], [1, 7151], [1, 7149], [1, 7147], [1, 7146], [1, 7145], [1, 7143], [1, 7139], [1, 7135], [1, 7132], [1, 7126], [1, 7124], [1, 7123], [1, 7122], [1, 7119], [1, 7118], [1, 7117], [1, 7115], [1, 7113], [1, 7112], [1, 7111], [1, 7110], [1, 7108], [1, 7104], [1, 7099], [1, 7097], [1, 7093], [1, 7090], [1, 7087], [1, 7084], [1, 7082], [1, 7074], [1, 7073], [1, 7072], [1, 7068], [1, 7065], [1, 7063], [1, 7058], [1, 7056], [1, 7055], [1, 7050], [1, 7045], [1, 7043], [1, 7032], [1, 7031], [1, 7028], [1, 7027], [1, 7025], [1, 7024], [1, 7019], [1, 7017], [1, 7013], [1, 7004], [1, 7002], [1, 7000], [1, 6999], [1, 6997], [1, 6994], [1, 6991], [1, 6989], [1, 6979], [1, 6978], [1, 6977], [1, 6975], [1, 6971], [1, 6970], [1, 6969], [1, 6968], [1, 6965], [1, 6964], [1, 6961], [1, 6959], [1, 6956], [1, 6953], [1, 6949], [1, 6947], [1, 6946], [1, 6945], [1, 6944], [1, 6937], [1, 6929], [1, 6922], [1, 6914], [1, 6903], [1, 6897], [1, 6888], [1, 6874], [1, 6872], [1, 6871], [1, 6861], [1, 6856], [1, 6843], [1, 6840], [1, 6830], [1, 6829], [1, 6826], [1, 6819], [1, 6817], [1, 6812], [1, 6810], [1, 6804], [1, 6803], [1, 6799], [1, 6798], [1, 6796], [1, 6795], [1, 6788], [1, 6785], [1, 6783], [1, 6782], [1, 6778], [1, 6776], [1, 6767], [1, 6765], [1, 6745], [1, 6743], [1, 6739], [1, 6731], [1, 6729], [1, 6728], [1, 6726], [1, 6724], [1, 6716], [1, 6715], [1, 6714], [1, 6712], [1, 6710], [1, 6709], [1, 6708], [1, 6707], [1, 6706], [1, 6704], [1, 6703], [1, 6702], [1, 6700], [1, 6698], [1, 6694], [1, 6690], [1, 6689], [1, 6683], [1, 6681], [1, 6679], [1, 6673], [1, 6669], [1, 6668], [1, 6662], [1, 6658], [1, 6655], [1, 6654], [1, 6653], [1, 6649], [1, 6645], [1, 6643], [1, 6642], [1, 6640], [1, 6637], [1, 6636], [1, 6632], [1, 6625], [1, 6621], [1, 6620], [1, 6616], [1, 6615], [1, 6612], [1, 6604], [1, 6601], [1, 6596], [1, 6594], [1, 6580], [1, 6578], [1, 6575], [1, 6574], [1, 6572], [1, 6569], [1, 6568], [1, 6567], [1, 6562], [1, 6560], [1, 6555], [1, 6554], [1, 6552], [1, 6546], [1, 6545], [1, 6543], [1, 6542], [1, 6536], [1, 6535], [1, 6533], [1, 6531], [1, 6528], [1, 6524], [1, 6522], [1, 6521], [1, 6518], [1, 6516], [1, 6513], [1, 6512], [1, 6508], [1, 6506], [1, 6503], [1, 6501], [1, 6500], [1, 6498], [1, 6495], [1, 6494], [1, 6490], [1, 6487], [1, 6483], [1, 6481], [1, 6479], [1, 6477], [1, 6476], [1, 6471], [1, 6468], [1, 6467], [1, 6466], [1, 6463], [1, 6458], [1, 6455], [1, 6454], [1, 6432], [1, 6428], [1, 6427], [1, 6426], [1, 6422], [1, 6421], [1, 6414], [1, 6413], [1, 6409], [1, 6406], [1, 6404], [1, 6397], [1, 6392], [1, 6387], [1, 6386], [1, 6385], [1, 6380], [1, 6378], [1, 6376], [1, 6375], [1, 6374], [1, 6371], [1, 6369], [1, 6367], [1, 6366], [1, 6363], [1, 6359], [1, 6357], [1, 6351], [1, 6348], [1, 6341], [1, 6338], [1, 6328], [1, 6315], [1, 6314], [1, 6308], [1, 6307], [1, 6306], [1, 6305], [1, 6304], [1, 6302], [1, 6299], [1, 6293], [1, 6288], [1, 6285], [1, 6284], [1, 6279], [1, 6275], [1, 6274], [1, 6272], [1, 6270], [1, 6268], [1, 6262], [1, 6261], [1, 6260], [1, 6258], [1, 6253], [1, 6252], [1, 6242], [1, 6232], [1, 6220], [1, 6217], [1, 6216], [1, 6215], [1, 6208], [1, 6204], [1, 6203], [1, 6200], [1, 6199], [1, 6193], [1, 6188], [1, 6187], [1, 6184], [1, 6182], [1, 6181], [1, 6179], [1, 6177], [1, 6170], [1, 6167], [1, 6163], [1, 6157], [1, 6156], [1, 6151], [1, 6144], [1, 6140], [1, 6135], [1, 6133], [1, 6132], [1, 6124], [1, 6121], [1, 6119], [1, 6117], [1, 6115], [1, 6109], [1, 6108], [1, 6106], [1, 6104], [1, 6102], [1, 6101], [1, 6096], [1, 6094], [1, 6088], [1, 6087], [1, 6079], [1, 6077], [1, 6075], [1, 6067], [1, 6066], [1, 6060], [1, 6058], [1, 6051], [1, 6049], [1, 6037], [1, 6033], [1, 6032], [1, 6030], [1, 6028], [1, 6027], [1, 6019], [1, 6016], [1, 6015], [1, 6011], [1, 6006], [1, 6005], [1, 6002], [1, 5998], [1, 5995], [1, 5993], [1, 5991], [1, 5989], [1, 5986], [1, 5982], [1, 5980], [1, 5979], [1, 5977], [1, 5973], [1, 5961], [1, 5959], [1, 5957], [1, 5952], [1, 5942], [1, 5940], [1, 5920], [1, 5915], [1, 5914], [1, 5911], [1, 5906], [1, 5905], [1, 5894], [1, 5893], [1, 5886], [1, 5870], [1, 5869], [1, 5868], [1, 5867], [1, 5861], [1, 5858], [1, 5851], [1, 5849], [1, 5846], [1, 5841], [1, 5838], [1, 5837], [1, 5836], [1, 5834], [1, 5831], [1, 5825], [1, 5824], [1, 5818], [1, 5817], [1, 5816], [1, 5814], [1, 5813], [1, 5809], [1, 5807], [1, 5802], [1, 5800], [1, 5798], [1, 5797], [1, 5795], [1, 5793], [1, 5792], [1, 5787], [1, 5785], [1, 5778], [1, 5774], [1, 5772], [1, 5771], [1, 5760], [1, 5759], [1, 5757], [1, 5756], [1, 5755], [1, 5751], [1, 5750], [1, 5749], [1, 5741], [1, 5736], [1, 5733], [1, 5731], [1, 5729], [1, 5728], [1, 5726], [1, 5725], [1, 5723], [1, 5722], [1, 5717], [1, 5709], [1, 5707], [1, 5704], [1, 5700], [1, 5695], [1, 5694], [1, 5691], [1, 5686], [1, 5685], [1, 5680], [1, 5675], [1, 5673], [1, 5670], [1, 5665], [1, 5659], [1, 5658], [1, 5657], [1, 5656], [1, 5654], [1, 5652], [1, 5650], [1, 5644], [1, 5643], [1, 5631], [1, 5628], [1, 5621], [1, 5617], [1, 5614], [1, 5607], [1, 5606], [1, 5600], [1, 5595], [1, 5593], [1, 5584], [1, 5580], [1, 5579], [1, 5577], [1, 5572], [1, 5569], [1, 5568], [1, 5566], [1, 5562], [1, 5561], [1, 5559], [1, 5555], [1, 5554], [1, 5550], [1, 5547], [1, 5541], [1, 5539], [1, 5538], [1, 5535], [1, 5529], [1, 5528], [1, 5526], [1, 5525], [1, 5519], [1, 5513], [1, 5502], [1, 5501], [1, 5498], [1, 5495], [1, 5493], [1, 5490], [1, 5487], [1, 5486], [1, 5481], [1, 5480], [1, 5479], [1, 5468], [1, 5465], [1, 5463], [1, 5460], [1, 5459], [1, 5458], [1, 5450], [1, 5447], [1, 5444], [1, 5433], [1, 5432], [1, 5431], [1, 5427], [1, 5422], [1, 5420], [1, 5419], [1, 5417], [1, 5415], [1, 5411], [1, 5407], [1, 5406], [1, 5405], [1, 5402], [1, 5398], [1, 5390], [1, 5387], [1, 5385], [1, 5380], [1, 5374], [1, 5372], [1, 5371], [1, 5369], [1, 5368], [1, 5366], [1, 5360], [1, 5356], [1, 5354], [1, 5346], [1, 5342], [1, 5340], [1, 5338], [1, 5333], [1, 5331], [1, 5330], [1, 5327], [1, 5326], [1, 5322], [1, 5315], [1, 5314], [1, 5308], [1, 5307], [1, 5304], [1, 5303], [1, 5298], [1, 5296], [1, 5292], [1, 5291], [1, 5289], [1, 5282], [1, 5281], [1, 5280], [1, 5277], [1, 5276], [1, 5270], [1, 5267], [1, 5265], [1, 5262], [1, 5261], [1, 5259], [1, 5258], [1, 5256], [1, 5255], [1, 5254], [1, 5251], [1, 5246], [1, 5243], [1, 5241], [1, 5238], [1, 5230], [1, 5227], [1, 5226], [1, 5224], [1, 5221], [1, 5217], [1, 5215], [1, 5210], [1, 5208], [1, 5205], [1, 5204], [1, 5203], [1, 5200], [1, 5195], [1, 5194], [1, 5191], [1, 5181], [1, 5180], [1, 5167], [1, 5166], [1, 5155], [1, 5146], [1, 5145], [1, 5144], [1, 5143], [1, 5139], [1, 5131], [1, 5126], [1, 5122], [1, 5120], [1, 5119], [1, 5117], [1, 5116], [1, 5115], [1, 5113], [1, 5111], [1, 5109], [1, 5108], [1, 5105], [1, 5102], [1, 5096], [1, 5091], [1, 5088], [1, 5082], [1, 5077], [1, 5076], [1, 5072], [1, 5067], [1, 5066], [1, 5064], [1, 5063], [1, 5062], [1, 5061], [1, 5058], [1, 5056], [1, 5055], [1, 5054], [1, 5052], [1, 5048], [1, 5046], [1, 5036], [1, 5030], [1, 5024], [1, 5022], [1, 5018], [1, 5015], [1, 5014], [1, 5012], [1, 5011], [1, 5009], [1, 5006], [1, 5004], [1, 4999], [1, 4992], [1, 4991], [1, 4982], [1, 4978], [1, 4975], [1, 4973], [1, 4972], [1, 4969], [1, 4961], [1, 4958], [1, 4957], [1, 4947], [1, 4946], [1, 4945], [1, 4942], [1, 4932], [1, 4929], [1, 4928], [1, 4918], [1, 4916], [1, 4914], [1, 4911], [1, 4902], [1, 4899], [1, 4893], [1, 4890], [1, 4882], [1, 4876], [1, 4875], [1, 4874], [1, 4871], [1, 4854], [1, 4853], [1, 4850], [1, 4849], [1, 4845], [1, 4844], [1, 4839], [1, 4838], [1, 4837], [1, 4835], [1, 4830], [1, 4828], [1, 4826], [1, 4824], [1, 4823], [1, 4819], [1, 4814], [1, 4808], [1, 4805], [1, 4800], [1, 4797], [1, 4790], [1, 4785], [1, 4778], [1, 4771], [1, 4768], [1, 4766], [1, 4760], [1, 4758], [1, 4755], [1, 4754], [1, 4752], [1, 4751], [1, 4746], [1, 4741], [1, 4737], [1, 4736], [1, 4734], [1, 4727], [1, 4715], [1, 4709], [1, 4704], [1, 4702], [1, 4699], [1, 4698], [1, 4696], [1, 4692], [1, 4686], [1, 4683], [1, 4682], [1, 4670], [1, 4662], [1, 4661], [1, 4656], [1, 4655], [1, 4653], [1, 4650], [1, 4648], [1, 4645], [1, 4644], [1, 4643], [1, 4640], [1, 4639], [1, 4633], [1, 4632], [1, 4631], [1, 4629], [1, 4628], [1, 4620], [1, 4614], [1, 4611], [1, 4605], [1, 4601], [1, 4596], [1, 4588], [1, 4584], [1, 4583], [1, 4582], [1, 4579], [1, 4572], [1, 4570], [1, 4569], [1, 4568], [1, 4564], [1, 4561], [1, 4557], [1, 4550], [1, 4544], [1, 4540], [1, 4536], [1, 4535], [1, 4531], [1, 4530], [1, 4529], [1, 4525], [1, 4520], [1, 4516], [1, 4514], [1, 4513], [1, 4511], [1, 4510], [1, 4508], [1, 4501], [1, 4495], [1, 4494], [1, 4490], [1, 4489], [1, 4485], [1, 4482], [1, 4481], [1, 4478], [1, 4477], [1, 4471], [1, 4470], [1, 4469], [1, 4467], [1, 4465], [1, 4463], [1, 4458], [1, 4454], [1, 4450], [1, 4447], [1, 4446], [1, 4445], [1, 4440], [1, 4437], [1, 4435], [1, 4434], [1, 4432], [1, 4428], [1, 4427], [1, 4424], [1, 4422], [1, 4418], [1, 4416], [1, 4411], [1, 4408], [1, 4406], [1, 4404], [1, 4401], [1, 4395], [1, 4390], [1, 4388], [1, 4384], [1, 4381], [1, 4379], [1, 4366], [1, 4357], [1, 4353], [1, 4348], [1, 4347], [1, 4344], [1, 4343], [1, 4342], [1, 4335], [1, 4332], [1, 4331], [1, 4327], [1, 4321], [1, 4319], [1, 4316], [1, 4311], [1, 4308], [1, 4306], [1, 4304], [1, 4302], [1, 4301], [1, 4297], [1, 4296], [1, 4294], [1, 4289], [1, 4288], [1, 4285], [1, 4281], [1, 4279], [1, 4274], [1, 4270], [1, 4266], [1, 4265], [1, 4264], [1, 4262], [1, 4257], [1, 4254], [1, 4247], [1, 4246], [1, 4239], [1, 4233], [1, 4232], [1, 4226], [1, 4225], [1, 4218], [1, 4215], [1, 4210], [1, 4208], [1, 4206], [1, 4205], [1, 4202], [1, 4200], [1, 4198], [1, 4197], [1, 4182], [1, 4179], [1, 4172], [1, 4165], [1, 4164], [1, 4162], [1, 4160], [1, 4153], [1, 4152], [1, 4151], [1, 4138], [1, 4136], [1, 4133], [1, 4127], [1, 4123], [1, 4122], [1, 4121], [1, 4120], [1, 4117], [1, 4114], [1, 4109], [1, 4106], [1, 4105], [1, 4102], [1, 4098], [1, 4097], [1, 4096], [1, 4093], [1, 4091], [1, 4090], [1, 4085], [1, 4084], [1, 4082], [1, 4077], [1, 4072], [1, 4067], [1, 4066], [1, 4065], [1, 4062], [1, 4061], [1, 4058], [1, 4057], [1, 4056], [1, 4053], [1, 4052], [1, 4049], [1, 4044], [1, 4038], [1, 4037], [1, 4035], [1, 4030], [1, 4029], [1, 4023], [1, 4018], [1, 4017], [1, 4014], [1, 4013], [1, 4012], [1, 4008], [1, 4000], [1, 3998], [1, 3997], [1, 3991], [1, 3990], [1, 3989], [1, 3975], [1, 3973], [1, 3972], [1, 3965], [1, 3952], [1, 3951], [1, 3950], [1, 3949], [1, 3945], [1, 3944], [1, 3940], [1, 3938], [1, 3936], [1, 3935], [1, 3931], [1, 3929], [1, 3926], [1, 3925], [1, 3923], [1, 3919], [1, 3918], [1, 3907], [1, 3906], [1, 3905], [1, 3902], [1, 3890], [1, 3887], [1, 3882], [1, 3874], [1, 3871], [1, 3869], [1, 3868], [1, 3866], [1, 3864], [1, 3861], [1, 3859], [1, 3857], [1, 3853], [1, 3849], [1, 3844], [1, 3836], [1, 3834], [1, 3833], [1, 3830], [1, 3829], [1, 3827], [1, 3825], [1, 3818], [1, 3809], [1, 3808], [1, 3804], [1, 3803], [1, 3802], [1, 3796], [1, 3792], [1, 3789], [1, 3787], [1, 3783], [1, 3780], [1, 3776], [1, 3773], [1, 3772], [1, 3769], [1, 3768], [1, 3767], [1, 3766], [1, 3760], [1, 3758], [1, 3753], [1, 3749], [1, 3740], [1, 3739], [1, 3738], [1, 3736], [1, 3734], [1, 3732], [1, 3730], [1, 3723], [1, 3722], [1, 3720], [1, 3714], [1, 3705], [1, 3704], [1, 3703], [1, 3702], [1, 3695], [1, 3692], [1, 3691], [1, 3690], [1, 3687], [1, 3679], [1, 3673], [1, 3666], [1, 3661], [1, 3658], [1, 3657], [1, 3654], [1, 3648], [1, 3644], [1, 3642], [1, 3641], [1, 3638], [1, 3636], [1, 3635], [1, 3633], [1, 3632], [1, 3627], [1, 3625], [1, 3619], [1, 3616], [1, 3613], [1, 3612], [1, 3611], [1, 3608], [1, 3591], [1, 3590], [1, 3588], [1, 3584], [1, 3574], [1, 3566], [1, 3561], [1, 3555], [1, 3554], [1, 3553], [1, 3548], [1, 3538], [1, 3537], [1, 3535], [1, 3534], [1, 3531], [1, 3528], [1, 3520], [1, 3516], [1, 3515], [1, 3514], [1, 3511], [1, 3503], [1, 3502], [1, 3500], [1, 3498], [1, 3492], [1, 3491], [1, 3490], [1, 3489], [1, 3475], [1, 3473], [1, 3472], [1, 3470], [1, 3467], [1, 3463], [1, 3458], [1, 3457], [1, 3456], [1, 3453], [1, 3451], [1, 3447], [1, 3445], [1, 3444], [1, 3442], [1, 3441], [1, 3440], [1, 3437], [1, 3434], [1, 3433], [1, 3425], [1, 3422], [1, 3420], [1, 3410], [1, 3407], [1, 3406], [1, 3402], [1, 3401], [1, 3389], [1, 3388], [1, 3386], [1, 3385], [1, 3383], [1, 3378], [1, 3373], [1, 3371], [1, 3348], [1, 3343], [1, 3341], [1, 3340], [1, 3338], [1, 3335], [1, 3327], [1, 3326], [1, 3325], [1, 3322], [1, 3320], [1, 3319], [1, 3318], [1, 3313], [1, 3310], [1, 3309], [1, 3307], [1, 3299], [1, 3294], [1, 3283], [1, 3282], [1, 3276], [1, 3274], [1, 3271], [1, 3269], [1, 3268], [1, 3265], [1, 3261], [1, 3257], [1, 3256], [1, 3252], [1, 3251], [1, 3243], [1, 3240], [1, 3239], [1, 3236], [1, 3234], [1, 3227], [1, 3226], [1, 3220], [1, 3214], [1, 3213], [1, 3211], [1, 3206], [1, 3204], [1, 3200], [1, 3190], [1, 3189], [1, 3187], [1, 3185], [1, 3184], [1, 3183], [1, 3182], [1, 3179], [1, 3176], [1, 3174], [1, 3162], [1, 3160], [1, 3155], [1, 3154], [1, 3152], [1, 3133], [1, 3132], [1, 3129], [1, 3124], [1, 3122], [1, 3121], [1, 3116], [1, 3103], [1, 3087], [1, 3085], [1, 3081], [1, 3079], [1, 3072], [1, 3064], [1, 3061], [1, 3060], [1, 3055], [1, 3052], [1, 3049], [1, 3042], [1, 3039], [1, 3031], [1, 3024], [1, 3018], [1, 3014], [1, 3013], [1, 3010], [1, 3008], [1, 3002], [1, 3001], [1, 2994], [1, 2988], [1, 2985], [1, 2982], [1, 2981], [1, 2976], [1, 2973], [1, 2968], [1, 2965], [1, 2962], [1, 2960], [1, 2958], [1, 2955], [1, 2954], [1, 2952], [1, 2948], [1, 2945], [1, 2944], [1, 2940], [1, 2935], [1, 2928], [1, 2923], [1, 2921], [1, 2919], [1, 2918], [1, 2917], [1, 2914], [1, 2913], [1, 2910], [1, 2909], [1, 2900], [1, 2899], [1, 2898], [1, 2894], [1, 2893], [1, 2891], [1, 2885], [1, 2884], [1, 2880], [1, 2876], [1, 2872], [1, 2868], [1, 2866], [1, 2862], [1, 2861], [1, 2854], [1, 2851], [1, 2841], [1, 2840], [1, 2836], [1, 2833], [1, 2826], [1, 2822], [1, 2820], [1, 2819], [1, 2818], [1, 2816], [1, 2815], [1, 2810], [1, 2804], [1, 2803], [1, 2800], [1, 2798], [1, 2796], [1, 2792], [1, 2787], [1, 2785], [1, 2783], [1, 2779], [1, 2777], [1, 2775], [1, 2774], [1, 2769], [1, 2766], [1, 2764], [1, 2752], [1, 2748], [1, 2746], [1, 2745], [1, 2742], [1, 2741], [1, 2736], [1, 2733], [1, 2731], [1, 2724], [1, 2723], [1, 2715], [1, 2711], [1, 2707], [1, 2703], [1, 2697], [1, 2695], [1, 2692], [1, 2691], [1, 2689], [1, 2687], [1, 2684], [1, 2677], [1, 2674], [1, 2667], [1, 2663], [1, 2662], [1, 2661], [1, 2660], [1, 2659], [1, 2654], [1, 2649], [1, 2645], [1, 2640], [1, 2635], [1, 2632], [1, 2628], [1, 2626], [1, 2625], [1, 2622], [1, 2616], [1, 2609], [1, 2599], [1, 2598], [1, 2590], [1, 2588], [1, 2582], [1, 2568], [1, 2562], [1, 2561], [1, 2546], [1, 2542], [1, 2537], [1, 2533], [1, 2526], [1, 2525], [1, 2518], [1, 2514], [1, 2513], [1, 2512], [1, 2507], [1, 2505], [1, 2504], [1, 2501], [1, 2496], [1, 2489], [1, 2482], [1, 2478], [1, 2477], [1, 2476], [1, 2472], [1, 2470], [1, 2468], [1, 2467], [1, 2465], [1, 2464], [1, 2463], [1, 2461], [1, 2460], [1, 2455], [1, 2451], [1, 2448], [1, 2442], [1, 2433], [1, 2431], [1, 2430], [1, 2429], [1, 2422], [1, 2418], [1, 2415], [1, 2412], [1, 2410], [1, 2409], [1, 2407], [1, 2404], [1, 2403], [1, 2402], [1, 2401], [1, 2400], [1, 2395], [1, 2386], [1, 2385], [1, 2379], [1, 2373], [1, 2370], [1, 2368], [1, 2367], [1, 2359], [1, 2355], [1, 2350], [1, 2348], [1, 2346], [1, 2344], [1, 2342], [1, 2337], [1, 2335], [1, 2331], [1, 2324], [1, 2321], [1, 2320], [1, 2319], [1, 2314], [1, 2303], [1, 2302], [1, 2300], [1, 2292], [1, 2290], [1, 2287], [1, 2286], [1, 2283], [1, 2282], [1, 2281], [1, 2279], [1, 2276], [1, 2275], [1, 2273], [1, 2272], [1, 2271], [1, 2268], [1, 2258], [1, 2253], [1, 2252], [1, 2250], [1, 2247], [1, 2237], [1, 2235], [1, 2234], [1, 2233], [1, 2231], [1, 2230], [1, 2219], [1, 2216], [1, 2213], [1, 2212], [1, 2211], [1, 2208], [1, 2206], [1, 2204], [1, 2202], [1, 2197], [1, 2196], [1, 2192], [1, 2190], [1, 2188], [1, 2183], [1, 2180], [1, 2175], [1, 2172], [1, 2168], [1, 2163], [1, 2156], [1, 2154], [1, 2147], [1, 2146], [1, 2142], [1, 2140], [1, 2139], [1, 2138], [1, 2136], [1, 2132], [1, 2126], [1, 2125], [1, 2124], [1, 2122], [1, 2121], [1, 2120], [1, 2119], [1, 2118], [1, 2107], [1, 2104], [1, 2096], [1, 2082], [1, 2081], [1, 2079], [1, 2077], [1, 2076], [1, 2074], [1, 2073], [1, 2065], [1, 2060], [1, 2058], [1, 2054], [1, 2053], [1, 2051], [1, 2050], [1, 2046], [1, 2044], [1, 2043], [1, 2039], [1, 2038], [1, 2023], [1, 2014], [1, 2013], [1, 2011], [1, 2010], [1, 2002], [1, 2001], [1, 2000], [1, 1985], [1, 1984], [1, 1979], [1, 1974], [1, 1972], [1, 1970], [1, 1969], [1, 1964], [1, 1963], [1, 1961], [1, 1960], [1, 1954], [1, 1949], [1, 1944], [1, 1943], [1, 1941], [1, 1940], [1, 1937], [1, 1935], [1, 1933], [1, 1931], [1, 1930], [1, 1922], [1, 1921], [1, 1917], [1, 1916], [1, 1913], [1, 1904], [1, 1902], [1, 1898], [1, 1895], [1, 1893], [1, 1888], [1, 1886], [1, 1877], [1, 1875], [1, 1874], [1, 1867], [1, 1863], [1, 1860], [1, 1859], [1, 1857], [1, 1852], [1, 1849], [1, 1843], [1, 1841], [1, 1835], [1, 1824], [1, 1822], [1, 1818], [1, 1817], [1, 1814], [1, 1813], [1, 1806], [1, 1799], [1, 1794], [1, 1793], [1, 1792], [1, 1787], [1, 1784], [1, 1782], [1, 1781], [1, 1780], [1, 1772], [1, 1769], [1, 1765], [1, 1763], [1, 1762], [1, 1759], [1, 1758], [1, 1745], [1, 1741], [1, 1740], [1, 1736], [1, 1735], [1, 1728], [1, 1725], [1, 1724], [1, 1714], [1, 1713], [1, 1711], [1, 1708], [1, 1700], [1, 1694], [1, 1692], [1, 1678], [1, 1677], [1, 1674], [1, 1673], [1, 1671], [1, 1669], [1, 1662], [1, 1654], [1, 1652], [1, 1651], [1, 1649], [1, 1648], [1, 1641], [1, 1634], [1, 1630], [1, 1629], [1, 1628], [1, 1626], [1, 1624], [1, 1617], [1, 1616], [1, 1613], [1, 1612], [1, 1606], [1, 1599], [1, 1597], [1, 1591], [1, 1584], [1, 1583], [1, 1582], [1, 1580], [1, 1579], [1, 1576], [1, 1571], [1, 1568], [1, 1567], [1, 1566], [1, 1556], [1, 1552], [1, 1551], [1, 1548], [1, 1545], [1, 1544], [1, 1543], [1, 1540], [1, 1538], [1, 1532], [1, 1529], [1, 1528], [1, 1527], [1, 1522], [1, 1518], [1, 1515], [1, 1509], [1, 1503], [1, 1498], [1, 1497], [1, 1491], [1, 1489], [1, 1488], [1, 1482], [1, 1475], [1, 1474], [1, 1471], [1, 1466], [1, 1465], [1, 1462], [1, 1457], [1, 1456], [1, 1450], [1, 1449], [1, 1447], [1, 1446], [1, 1441], [1, 1440], [1, 1437], [1, 1434], [1, 1432], [1, 1431], [1, 1427], [1, 1424], [1, 1421], [1, 1416], [1, 1404], [1, 1401], [1, 1395], [1, 1393], [1, 1387], [1, 1385], [1, 1377], [1, 1376], [1, 1374], [1, 1373], [1, 1372], [1, 1370], [1, 1365], [1, 1364], [1, 1362], [1, 1359], [1, 1357], [1, 1354], [1, 1352], [1, 1349], [1, 1347], [1, 1344], [1, 1341], [1, 1340], [1, 1336], [1, 1335], [1, 1334], [1, 1330], [1, 1329], [1, 1321], [1, 1318], [1, 1316], [1, 1314], [1, 1313], [1, 1311], [1, 1309], [1, 1307], [1, 1298], [1, 1297], [1, 1296], [1, 1293], [1, 1291], [1, 1289], [1, 1287], [1, 1284], [1, 1280], [1, 1276], [1, 1275], [1, 1271], [1, 1266], [1, 1265], [1, 1264], [1, 1262], [1, 1257], [1, 1254], [1, 1253], [1, 1247], [1, 1246], [1, 1243], [1, 1242], [1, 1231], [1, 1218], [1, 1216], [1, 1213], [1, 1212], [1, 1210], [1, 1207], [1, 1205], [1, 1202], [1, 1201], [1, 1199], [1, 1197], [1, 1196], [1, 1191], [1, 1190], [1, 1186], [1, 1182], [1, 1181], [1, 1179], [1, 1177], [1, 1174], [1, 1172], [1, 1161], [1, 1156], [1, 1155], [1, 1153], [1, 1149], [1, 1146], [1, 1145], [1, 1143], [1, 1142], [1, 1141], [1, 1129], [1, 1121], [1, 1120], [1, 1119], [1, 1117], [1, 1116], [1, 1115], [1, 1113], [1, 1110], [1, 1109], [1, 1105], [1, 1101], [1, 1097], [1, 1089], [1, 1086], [1, 1085], [1, 1078], [1, 1073], [1, 1072], [1, 1071], [1, 1070], [1, 1066], [1, 1055], [1, 1053], [1, 1052], [1, 1047], [1, 1045], [1, 1043], [1, 1041], [1, 1038], [1, 1030], [1, 1029], [1, 1026], [1, 1025], [1, 1022], [1, 1020], [1, 1019], [1, 1018], [1, 1017], [1, 1016], [1, 1013], [1, 1011], [1, 1009], [1, 1008], [1, 1006], [1, 1005], [1, 1004], [1, 998], [1, 996], [1, 993], [1, 992], [1, 990], [1, 983], [1, 982], [1, 977], [1, 973], [1, 972], [1, 961], [1, 958], [1, 952], [1, 949], [1, 947], [1, 945], [1, 944], [1, 941], [1, 940], [1, 938], [1, 936], [1, 934], [1, 933], [1, 929], [1, 926], [1, 923], [1, 922], [1, 921], [1, 919], [1, 909], [1, 898], [1, 897], [1, 896], [1, 894], [1, 892], [1, 890], [1, 888], [1, 887], [1, 885], [1, 882], [1, 874], [1, 873], [1, 871], [1, 868], [1, 865], [1, 861], [1, 860], [1, 859], [1, 855], [1, 853], [1, 851], [1, 850], [1, 849], [1, 846], [1, 845], [1, 835], [1, 829], [1, 827], [1, 825], [1, 824], [1, 811], [1, 810], [1, 809], [1, 808], [1, 806], [1, 804], [1, 803], [1, 797], [1, 795], [1, 794], [1, 791], [1, 789], [1, 784], [1, 774], [1, 773], [1, 772], [1, 767], [1, 765], [1, 760], [1, 758], [1, 757], [1, 755], [1, 748], [1, 745], [1, 744], [1, 738], [1, 735], [1, 729], [1, 719], [1, 717], [1, 716], [1, 715], [1, 714], [1, 712], [1, 710], [1, 709], [1, 707], [1, 705], [1, 702], [1, 699], [1, 691], [1, 682], [1, 678], [1, 673], [1, 660], [1, 659], [1, 650], [1, 648], [1, 643], [1, 642], [1, 641], [1, 637], [1, 636], [1, 635], [1, 634], [1, 627], [1, 624], [1, 621], [1, 615], [1, 610], [1, 606], [1, 602], [1, 601], [1, 600], [1, 598], [1, 597], [1, 593], [1, 590], [1, 589], [1, 587], [1, 584], [1, 583], [1, 582], [1, 577], [1, 575], [1, 569], [1, 568], [1, 561], [1, 554], [1, 547], [1, 546], [1, 542], [1, 541], [1, 533], [1, 531], [1, 525], [1, 521], [1, 515], [1, 514], [1, 512], [1, 504], [1, 503], [1, 502], [1, 497], [1, 492], [1, 487], [1, 485], [1, 476], [1, 474], [1, 473], [1, 471], [1, 470], [1, 469], [1, 468], [1, 467], [1, 461], [1, 455], [1, 453], [1, 448], [1, 446], [1, 436], [1, 433], [1, 432], [1, 431], [1, 422], [1, 420], [1, 417], [1, 416], [1, 414], [1, 402], [1, 398], [1, 397], [1, 396], [1, 386], [1, 379], [1, 373], [1, 371], [1, 370], [1, 363], [1, 361], [1, 360], [1, 354], [1, 351], [1, 343], [1, 338], [1, 337], [1, 336], [1, 333], [1, 324], [1, 323], [1, 318], [1, 310], [1, 308], [1, 306], [1, 301], [1, 300], [1, 299], [1, 297], [1, 295], [1, 294], [1, 292], [1, 286], [1, 282], [1, 281], [1, 279], [1, 273], [1, 270], [1, 263], [1, 262], [1, 255], [1, 253], [1, 252], [1, 248], [1, 247], [1, 246], [1, 235], [1, 232], [1, 231], [1, 227], [1, 226], [1, 225], [1, 217], [1, 215], [1, 211], [1, 210], [1, 209], [1, 208], [1, 206], [1, 201], [1, 200], [1, 199], [1, 196], [1, 193], [1, 190], [1, 189], [1, 186], [1, 182], [1, 178], [1, 175], [1, 174], [1, 171], [1, 168], [1, 164], [1, 163], [1, 161], [1, 160], [1, 158], [1, 157], [1, 153], [1, 149], [1, 148], [1, 147], [1, 139], [1, 136], [1, 133], [1, 132], [1, 131], [1, 129], [1, 125], [1, 124], [1, 123], [1, 117], [1, 116], [1, 115], [1, 110], [1, 108], [1, 107], [1, 105], [1, 99], [1, 96], [1, 94], [1, 92], [1, 87], [1, 86], [1, 85], [1, 83], [1, 82], [1, 81], [1, 76], [1, 75], [1, 73], [1, 71], [1, 67], [1, 66], [1, 65], [1, 62], [1, 61], [1, 53], [1, 50], [1, 48], [1, 39], [1, 28], [1, 25], [1, 22], [1, 21], [1, 16], [1, 14], [1, 12], [1, 7], [1, 4]]
Numero Componentes Conexas:3543
Tamanho da Maior Componente Conexa:4295
Tamanho da Menor Componente Conexa:1
