220.13999999999373
293 1 0.02
502 2 0.46
204 3 0.05
769 4 0.07
431 5 0.23
820 6 0.14
848 7 0.05
839 8 0.06
27 9 0.0
131 10 0.21
982 11 0.2
656 12 0.02
63 13 0.07
668 14 0.17
228 15 0.36
660 16 0.53
474 17 0.19
932 18 0.68
604 19 0.4
516 20 0.03
406 21 0.05
264 22 0.13
127 23 0.01
740 24 0.47
489 25 0.25
709 26 0.51
620 27 0.16
946 28 0.99
737 29 0.17
386 30 0.15
68 31 0.09
345 32 0.28
745 33 0.37
729 34 0.3
261 35 1.06
531 36 0.03
749 37 0.08
90 38 0.57
50 39 0.67
960 40 0.01
871 41 0.14
465 42 0.13
314 43 1.29
5 44 0.18
375 45 0.27
786 46 0.17
291 47 0.27
323 48 0.38
821 49 0.2
115 50 0.23
503 51 0.35
283 52 0.29
83 53 0.22
875 54 0.23
193 55 0.25
191 56 0.09
184 57 0.47
21 58 0.02
941 59 0.13
184 60 0.02
127 61 0.38
644 62 0.22
683 63 0.25
915 64 0.19
598 65 0.19
664 66 0.15
267 67 0.24
715 68 0.07
51 69 0.48
688 70 0.02
667 71 0.62
326 72 0.02
341 73 0.25
637 74 0.08
612 75 0.24
541 76 0.21
992 77 0.12
436 78 0.41
475 79 0.37
755 80 0.2
64 81 0.31
359 82 0.08
567 83 0.09
579 84 0.37
922 85 0.07
3 86 0.34
426 87 0.4
435 88 0.12
826 89 0.5
930 90 0.07
147 91 0.03
990 92 0.39
587 93 0.35
535 94 0.25
534 95 0.04
582 96 0.26
908 97 0.24
441 98 0.25
249 99 0.13
862 100 0.85
437 101 0.35
611 102 0.27
772 103 0.4
264 104 0.08
230 105 0.56
474 106 0.02
616 107 0.02
47 108 0.24
162 109 0.35
290 110 0.75
439 111 0.19
63 112 0.17
408 113 0.02
354 114 0.14
122 115 0.14
260 116 0.47
69 117 0.78
585 118 0.11
996 119 0.0
965 120 0.57
503 121 0.33
88 122 0.2
540 123 0.14
294 124 0.04
875 125 0.03
161 126 0.14
37 127 0.05
438 128 0.21
546 129 0.19
966 130 0.11
493 131 0.42
369 132 0.19
570 133 0.2
79 134 0.37
154 135 0.12
509 136 0.07
535 137 0.08
97 138 0.07
46 139 0.07
97 140 0.14
926 141 0.02
754 142 0.21
921 143 0.35
452 144 0.13
504 145 0.14
464 146 0.49
577 147 0.05
858 148 0.31
786 149 0.05
336 150 0.27
812 151 0.2
403 152 0.27
950 153 0.72
243 154 0.05
266 155 0.09
88 156 0.2
289 157 0.25
129 158 0.11
665 159 0.13
838 160 0.08
895 161 0.25
68 162 0.14
174 163 0.41
463 164 0.2
613 165 0.01
619 166 0.15
707 167 0.23
646 168 0.01
851 169 0.42
464 170 0.13
596 171 0.02
92 172 0.04
310 173 0.3
75 174 0.17
299 175 0.21
583 176 0.43
403 177 0.09
602 178 0.37
997 179 0.14
748 180 0.42
51 181 0.21
436 182 0.47
611 183 0.19
531 184 0.23
910 185 0.11
827 186 0.23
603 187 0.32
419 188 0.11
772 189 0.38
627 190 0.09
635 191 0.08
641 192 0.1
979 193 0.06
360 194 0.06
970 195 0.28
238 196 0.06
286 197 0.12
705 198 0.17
31 199 0.2
820 200 0.48
551 201 0.99
36 202 0.19
499 203 0.12
8 204 0.09
30 205 0.21
148 206 0.18
368 207 0.05
601 208 0.07
586 209 0.13
398 210 1.21
274 211 0.03
646 212 0.49
336 213 0.13
59 214 0.21
961 215 0.17
544 216 0.1
901 217 0.05
66 218 0.06
478 219 0.53
65 220 0.17
254 221 0.16
410 222 0.71
520 223 0.07
541 224 0.1
929 225 0.47
843 226 0.36
882 227 0.18
667 228 0.16
126 229 0.33
390 230 0.04
674 231 0.11
408 232 0.29
53 233 0.11
154 234 0.36
776 235 0.23
945 236 0.29
459 237 0.01
759 238 0.24
383 239 0.08
598 240 0.16
468 241 0.08
193 242 0.26
965 243 0.17
83 244 0.31
270 245 0.34
983 246 0.42
982 247 0.11
204 248 0.06
68 249 0.14
695 250 0.01
992 251 0.21
83 252 0.05
961 253 0.34
204 254 0.01
218 255 0.12
684 256 0.27
661 257 0.17
356 258 0.08
860 259 0.05
815 260 0.17
163 261 0.21
223 262 0.06
920 263 0.39
892 264 0.18
796 265 0.13
53 266 0.11
647 267 0.18
917 268 0.26
31 269 0.29
687 270 0.18
850 271 0.01
816 272 0.14
133 273 0.02
620 274 0.04
937 275 0.19
593 276 0.01
354 277 0.21
905 278 0.23
542 279 0.13
873 280 0.31
860 281 0.53
363 282 0.89
792 283 0.23
253 284 0.13
821 285 0.33
910 286 0.06
519 287 0.06
138 288 0.01
805 289 0.2
664 290 0.55
720 291 0.22
132 292 0.02
173 293 0.05
369 294 0.06
421 295 0.01
360 296 0.18
441 297 0.23
4 298 0.12
133 299 0.07
670 300 0.75
814 301 0.39
646 302 0.08
442 303 0.64
350 304 0.8
427 305 0.03
400 306 0.03
824 307 0.08
280 308 0.31
40 309 0.12
122 310 0.14
188 311 0.22
647 312 0.26
36 313 0.18
311 314 0.0
165 315 0.12
894 316 0.35
678 317 0.21
73 318 0.32
41 319 0.34
496 320 0.17
789 321 0.23
906 322 0.04
65 323 0.2
368 324 0.15
982 325 0.07
430 326 0.26
121 327 0.29
177 328 0.0
569 329 0.17
539 330 0.51
320 331 0.23
511 332 0.32
938 333 0.07
817 334 0.23
414 335 0.27
462 336 0.14
914 337 0.36
159 338 0.22
761 339 0.21
369 340 0.21
926 341 0.14
450 342 0.27
878 343 0.17
33 344 0.18
738 345 0.05
335 346 0.44
696 347 0.07
697 348 0.14
0 349 0.37
338 350 0.32
114 351 0.91
80 352 0.05
935 353 0.44
25 354 0.1
996 355 0.02
822 356 0.02
241 357 0.4
88 358 0.03
834 359 0.04
863 360 0.14
575 361 0.08
34 362 0.01
298 363 0.02
766 364 0.27
665 365 0.09
556 366 0.34
511 367 0.06
0 368 0.07
916 369 0.01
139 370 0.06
769 371 0.04
766 372 0.08
465 373 0.37
884 374 0.32
521 375 0.44
974 376 0.14
513 377 0.37
972 378 0.22
500 379 0.34
394 380 0.15
457 381 0.01
50 382 0.34
715 383 0.04
243 384 0.23
211 385 0.0
847 386 0.24
82 387 0.13
881 388 0.24
442 389 0.22
476 390 0.21
247 391 0.48
75 392 0.29
678 393 0.46
985 394 0.08
283 395 0.31
448 396 0.02
769 397 0.51
823 398 0.13
44 399 0.35
249 400 0.12
469 401 0.23
174 402 0.18
720 403 0.19
444 404 0.33
869 405 0.31
847 406 0.19
523 407 0.41
889 408 0.18
852 409 0.14
317 410 0.32
437 411 0.11
567 412 0.37
529 413 0.14
136 414 0.46
966 415 0.13
73 416 0.39
873 417 0.27
416 418 0.5
542 419 0.08
932 420 0.1
63 421 0.02
241 422 0.13
522 423 0.05
152 424 0.06
417 425 0.2
421 426 0.27
711 427 0.45
610 428 0.55
960 429 0.25
91 430 0.24
276 431 0.03
20 432 0.57
104 433 0.19
254 434 0.12
753 435 0.12
400 436 0.02
141 437 0.17
815 438 0.24
709 439 0.12
689 440 0.41
47 441 0.23
211 442 0.38
965 443 0.12
491 444 0.03
634 445 0.12
773 446 0.18
635 447 0.2
360 448 0.06
154 449 0.23
897 450 0.31
192 451 0.12
804 452 0.06
635 453 0.15
336 454 0.16
363 455 0.01
516 456 0.28
543 457 0.06
17 458 0.07
591 459 0.24
436 460 0.33
650 461 0.55
947 462 0.1
726 463 0.18
605 464 0.0
191 465 0.19
930 466 0.21
636 467 0.02
333 468 0.33
915 469 0.12
955 470 0.34
531 471 0.11
243 472 0.16
172 473 0.17
359 474 0.12
188 475 0.18
613 476 0.14
237 477 0.05
50 478 0.15
255 479 0.02
871 480 0.73
354 481 0.04
305 482 0.37
165 483 0.37
792 484 0.12
444 485 0.46
51 486 0.37
317 487 0.02
585 488 0.18
657 489 0.25
935 490 0.82
224 491 0.08
911 492 0.27
413 493 0.02
832 494 0.57
244 495 0.14
355 496 0.09
128 497 0.29
563 498 0.13
214 499 0.21
708 500 0.07
901 501 0.2
140 502 0.32
214 503 0.32
150 504 0.17
776 505 0.07
275 506 0.78
206 507 0.43
498 508 0.5
595 509 0.29
271 510 0.1
136 511 0.14
122 512 0.23
678 513 0.06
833 514 0.47
931 515 0.12
192 516 0.29
298 517 0.36
95 518 0.03
847 519 0.27
128 520 0.14
291 521 0.36
558 522 0.3
172 523 0.28
396 524 0.29
17 525 0.73
133 526 0.21
229 527 0.22
325 528 0.22
786 529 0.02
529 530 0.32
177 531 0.17
382 532 0.31
638 533 0.23
820 534 0.29
63 535 0.33
756 536 0.53
215 537 0.43
692 538 0.53
652 539 0.14
12 540 0.14
606 541 0.01
157 542 0.08
578 543 0.22
258 544 0.45
933 545 0.28
72 546 0.23
816 547 0.11
112 548 0.36
123 549 0.0
712 550 0.67
560 551 0.19
919 552 0.21
126 553 0.18
286 554 0.29
386 555 0.09
297 556 0.0
696 557 0.27
401 558 0.27
108 559 0.09
588 560 0.32
204 561 0.1
253 562 0.44
255 563 0.03
224 564 0.32
681 565 0.49
53 566 0.24
905 567 0.22
109 568 0.2
443 569 0.18
695 570 0.12
41 571 0.03
854 572 0.91
283 573 0.11
88 574 0.45
396 575 0.06
155 576 0.19
496 577 0.2
585 578 0.06
905 579 0.02
616 580 0.07
612 581 0.55
825 582 0.16
172 583 0.56
355 584 0.03
496 585 0.19
675 586 0.08
735 587 0.16
893 588 0.08
333 589 0.08
68 590 0.17
320 591 0.04
297 592 0.5
585 593 0.08
755 594 0.16
792 595 0.27
9 596 0.08
75 597 0.11
135 598 0.13
184 599 0.23
177 600 0.11
155 601 0.18
113 602 0.34
370 603 0.37
539 604 0.27
734 605 0.08
910 606 0.07
491 607 0.19
219 608 0.41
569 609 0.06
922 610 0.21
188 611 0.28
207 612 0.26
839 613 0.18
392 614 0.15
343 615 0.06
173 616 0.15
698 617 0.07
805 618 0.0
64 619 0.17
199 620 0.14
408 621 0.02
364 622 0.2
315 623 0.04
158 624 0.15
995 625 0.04
952 626 0.04
765 627 0.22
771 628 0.05
472 629 0.2
937 630 0.51
535 631 0.49
749 632 0.09
296 633 0.08
171 634 0.01
770 635 0.01
923 636 0.34
496 637 0.11
134 638 0.18
682 639 0.1
900 640 0.15
152 641 0.3
275 642 0.16
581 643 0.76
505 644 0.42
783 645 1.03
448 646 0.27
463 647 0.28
981 648 0.23
553 649 0.06
353 650 0.16
678 651 0.27
395 652 0.1
128 653 0.17
860 654 0.68
693 655 0.21
946 656 0.21
985 657 0.22
669 658 0.76
560 659 0.06
786 660 0.49
389 661 0.01
908 662 0.23
808 663 0.21
211 664 0.15
202 665 0.18
747 666 0.14
561 667 0.1
938 668 0.09
92 669 0.37
30 670 0.54
338 671 0.07
415 672 0.14
297 673 0.22
908 674 0.05
796 675 0.32
697 676 0.08
464 677 0.34
913 678 0.04
582 679 0.35
323 680 0.55
111 681 0.16
567 682 0.03
578 683 0.02
606 684 0.22
245 685 0.54
179 686 0.18
13 687 0.23
856 688 0.05
594 689 0.1
850 690 0.78
50 691 0.47
616 692 0.3
981 693 0.12
252 694 0.16
174 695 0.23
288 696 0.12
960 697 0.25
172 698 0.07
802 699 0.31
238 700 0.11
304 701 0.75
14 702 0.0
244 703 0.29
666 704 0.0
600 705 0.14
688 706 0.42
129 707 0.13
299 708 0.03
622 709 0.27
104 710 0.31
782 711 0.03
629 712 0.21
635 713 0.01
135 714 0.16
471 715 0.11
913 716 0.04
533 717 0.18
398 718 0.26
253 719 0.06
967 720 0.22
735 721 0.29
79 722 0.56
869 723 0.64
549 724 0.27
195 725 0.54
709 726 0.32
245 727 0.24
975 728 0.24
3 729 0.06
264 730 0.08
268 731 0.0
93 732 0.8
775 733 0.25
122 734 0.23
492 735 0.11
317 736 0.18
858 737 0.37
31 738 0.01
58 739 0.21
944 740 0.18
985 741 0.28
451 742 0.0
288 743 0.25
171 744 0.25
211 745 0.09
504 746 0.06
61 747 0.06
497 748 0.24
635 749 0.03
328 750 0.0
718 751 0.18
609 752 0.59
331 753 0.01
709 754 0.18
6 755 0.2
461 756 0.55
553 757 0.52
776 758 0.01
920 759 0.1
208 760 0.16
146 761 0.46
547 762 0.25
450 763 0.45
193 764 0.24
683 765 0.13
549 766 0.27
921 767 0.12
975 768 0.26
251 769 0.04
684 770 0.02
471 771 0.12
659 772 0.09
97 773 0.05
420 774 0.23
672 775 0.14
142 776 0.09
894 777 0.26
54 778 0.41
481 779 0.17
922 780 0.09
25 781 0.29
659 782 0.32
777 783 0.2
567 784 0.21
834 785 0.46
60 786 0.15
897 787 0.18
882 788 0.06
705 789 0.1
696 790 0.03
553 791 0.53
734 792 0.11
675 793 0.35
713 794 0.08
960 795 0.52
431 796 0.12
540 797 0.04
894 798 0.11
501 799 0.03
128 800 0.05
115 801 0.16
764 802 0.01
676 803 0.08
790 804 0.16
912 805 0.2
519 806 0.22
58 807 0.43
484 808 0.05
360 809 0.2
542 810 0.07
485 811 0.14
138 812 0.27
422 813 0.22
347 814 0.03
147 815 0.28
989 816 0.14
204 817 0.09
498 818 0.03
804 819 0.26
862 820 0.11
279 821 0.23
657 822 0.2
174 823 0.01
510 824 0.04
552 825 0.25
80 826 0.25
679 827 0.17
73 828 0.02
154 829 0.16
375 830 0.47
403 831 0.1
793 832 0.13
847 833 0.07
720 834 0.08
66 835 0.4
794 836 0.19
553 837 0.18
457 838 0.36
17 839 0.2
109 840 0.3
518 841 0.54
695 842 0.01
997 843 0.03
936 844 0.3
721 845 0.17
826 846 0.37
750 847 0.1
306 848 0.22
802 849 0.02
224 850 0.23
286 851 0.38
798 852 0.22
639 853 0.78
810 854 0.17
53 855 0.18
354 856 0.07
234 857 0.21
958 858 0.33
317 859 0.23
796 860 0.2
850 861 0.12
609 862 0.16
368 863 0.21
251 864 0.09
435 865 0.28
896 866 0.08
370 867 0.46
648 868 0.16
142 869 0.13
387 870 0.06
545 871 0.24
335 872 0.4
184 873 0.09
841 874 0.38
702 875 0.22
127 876 0.32
750 877 0.37
738 878 0.18
721 879 1.22
777 880 0.92
919 881 0.23
496 882 0.19
622 883 0.2
167 884 0.3
665 885 0.28
996 886 0.08
367 887 0.22
133 888 0.47
413 889 0.06
526 890 0.14
343 891 0.29
97 892 0.21
277 893 0.15
250 894 0.28
447 895 0.11
449 896 0.18
55 897 0.26
871 898 0.57
251 899 0.34
462 900 0.08
143 901 0.21
634 902 0.4
69 903 0.07
85 904 0.28
448 905 0.23
460 906 0.35
952 907 0.07
575 908 0.13
483 909 0.44
390 910 0.1
876 911 0.25
297 912 0.11
383 913 0.06
989 914 0.01
512 915 0.1
960 916 0.0
500 917 0.21
946 918 0.37
458 919 0.13
465 920 0.18
599 921 0.06
787 922 0.22
124 923 0.24
361 924 0.15
571 925 0.79
113 926 0.25
908 927 0.56
987 928 0.28
410 929 0.7
166 930 0.26
628 931 0.36
571 932 0.12
11 933 0.01
185 934 0.32
478 935 0.08
665 936 0.17
493 937 0.22
138 938 0.22
41 939 0.26
385 940 0.03
378 941 0.03
633 942 0.14
662 943 0.09
777 944 0.26
429 945 0.12
513 946 0.21
997 947 0.08
166 948 0.04
943 949 0.17
628 950 0.63
600 951 0.14
7 952 0.11
19 953 0.38
50 954 0.2
160 955 0.33
168 956 0.2
59 957 0.47
31 958 0.11
562 959 0.12
997 960 0.02
452 961 0.16
214 962 0.06
466 963 0.3
207 964 1.0
453 965 0.15
956 966 0.22
207 967 0.12
449 968 0.22
824 969 0.24
999 970 0.27
627 971 0.37
764 972 0.01
20 973 0.4
257 974 0.49
431 975 0.13
781 976 0.18
920 977 0.18
243 978 0.25
145 979 0.2
501 980 0.07
278 981 0.16
370 982 0.21
113 983 0.1
256 984 0.16
913 985 0.09
817 986 0.23
101 987 0.06
493 988 0.03
768 989 0.02
597 990 0.1
803 991 0.25
836 992 0.22
185 993 0.21
957 994 0.14
840 995 0.29
609 996 0.18
968 997 0.04
394 998 0.31
850 999 0.27
1000
220.13999999999373
293 1 0.02
502 2 0.46
204 3 0.05
769 4 0.07
431 5 0.23
820 6 0.14
848 7 0.05
839 8 0.06
27 9 0.0
131 10 0.21
982 11 0.2
656 12 0.02
63 13 0.07
668 14 0.17
228 15 0.36
660 16 0.53
474 17 0.19
932 18 0.68
604 19 0.4
516 20 0.03
406 21 0.05
264 22 0.13
127 23 0.01
740 24 0.47
489 25 0.25
709 26 0.51
620 27 0.16
946 28 0.99
737 29 0.17
386 30 0.15
68 31 0.09
345 32 0.28
745 33 0.37
729 34 0.3
261 35 1.06
531 36 0.03
749 37 0.08
90 38 0.57
50 39 0.67
960 40 0.01
871 41 0.14
465 42 0.13
314 43 1.29
5 44 0.18
375 45 0.27
786 46 0.17
291 47 0.27
323 48 0.38
821 49 0.2
115 50 0.23
503 51 0.35
283 52 0.29
83 53 0.22
875 54 0.23
193 55 0.25
191 56 0.09
184 57 0.47
21 58 0.02
941 59 0.13
184 60 0.02
127 61 0.38
644 62 0.22
683 63 0.25
915 64 0.19
598 65 0.19
664 66 0.15
267 67 0.24
715 68 0.07
51 69 0.48
688 70 0.02
667 71 0.62
326 72 0.02
341 73 0.25
637 74 0.08
612 75 0.24
541 76 0.21
992 77 0.12
436 78 0.41
475 79 0.37
755 80 0.2
64 81 0.31
359 82 0.08
567 83 0.09
579 84 0.37
922 85 0.07
3 86 0.34
426 87 0.4
435 88 0.12
826 89 0.5
930 90 0.07
147 91 0.03
990 92 0.39
587 93 0.35
535 94 0.25
534 95 0.04
582 96 0.26
908 97 0.24
441 98 0.25
249 99 0.13
862 100 0.85
437 101 0.35
611 102 0.27
772 103 0.4
264 104 0.08
230 105 0.56
474 106 0.02
616 107 0.02
47 108 0.24
162 109 0.35
290 110 0.75
439 111 0.19
63 112 0.17
408 113 0.02
354 114 0.14
122 115 0.14
260 116 0.47
69 117 0.78
585 118 0.11
996 119 0.0
965 120 0.57
503 121 0.33
88 122 0.2
540 123 0.14
294 124 0.04
875 125 0.03
161 126 0.14
37 127 0.05
438 128 0.21
546 129 0.19
966 130 0.11
493 131 0.42
369 132 0.19
570 133 0.2
79 134 0.37
154 135 0.12
509 136 0.07
535 137 0.08
97 138 0.07
46 139 0.07
97 140 0.14
926 141 0.02
754 142 0.21
921 143 0.35
452 144 0.13
504 145 0.14
464 146 0.49
577 147 0.05
858 148 0.31
786 149 0.05
336 150 0.27
812 151 0.2
403 152 0.27
950 153 0.72
243 154 0.05
266 155 0.09
88 156 0.2
289 157 0.25
129 158 0.11
665 159 0.13
838 160 0.08
895 161 0.25
68 162 0.14
174 163 0.41
463 164 0.2
613 165 0.01
619 166 0.15
707 167 0.23
646 168 0.01
851 169 0.42
464 170 0.13
596 171 0.02
92 172 0.04
310 173 0.3
75 174 0.17
299 175 0.21
583 176 0.43
403 177 0.09
602 178 0.37
997 179 0.14
748 180 0.42
51 181 0.21
436 182 0.47
611 183 0.19
531 184 0.23
910 185 0.11
827 186 0.23
603 187 0.32
419 188 0.11
772 189 0.38
627 190 0.09
635 191 0.08
641 192 0.1
979 193 0.06
360 194 0.06
970 195 0.28
238 196 0.06
286 197 0.12
705 198 0.17
31 199 0.2
820 200 0.48
551 201 0.99
36 202 0.19
499 203 0.12
8 204 0.09
30 205 0.21
148 206 0.18
368 207 0.05
601 208 0.07
586 209 0.13
398 210 1.21
274 211 0.03
646 212 0.49
336 213 0.13
59 214 0.21
961 215 0.17
544 216 0.1
901 217 0.05
66 218 0.06
478 219 0.53
65 220 0.17
254 221 0.16
410 222 0.71
520 223 0.07
541 224 0.1
929 225 0.47
843 226 0.36
882 227 0.18
667 228 0.16
126 229 0.33
390 230 0.04
674 231 0.11
408 232 0.29
53 233 0.11
154 234 0.36
776 235 0.23
945 236 0.29
459 237 0.01
759 238 0.24
383 239 0.08
598 240 0.16
468 241 0.08
193 242 0.26
965 243 0.17
83 244 0.31
270 245 0.34
983 246 0.42
982 247 0.11
204 248 0.06
68 249 0.14
695 250 0.01
992 251 0.21
83 252 0.05
961 253 0.34
204 254 0.01
218 255 0.12
684 256 0.27
661 257 0.17
356 258 0.08
860 259 0.05
815 260 0.17
163 261 0.21
223 262 0.06
920 263 0.39
892 264 0.18
796 265 0.13
53 266 0.11
647 267 0.18
917 268 0.26
31 269 0.29
687 270 0.18
850 271 0.01
816 272 0.14
133 273 0.02
620 274 0.04
937 275 0.19
593 276 0.01
354 277 0.21
905 278 0.23
542 279 0.13
873 280 0.31
860 281 0.53
363 282 0.89
792 283 0.23
253 284 0.13
821 285 0.33
910 286 0.06
519 287 0.06
138 288 0.01
805 289 0.2
664 290 0.55
720 291 0.22
132 292 0.02
173 293 0.05
369 294 0.06
421 295 0.01
360 296 0.18
441 297 0.23
4 298 0.12
133 299 0.07
670 300 0.75
814 301 0.39
646 302 0.08
442 303 0.64
350 304 0.8
427 305 0.03
400 306 0.03
824 307 0.08
280 308 0.31
40 309 0.12
122 310 0.14
188 311 0.22
647 312 0.26
36 313 0.18
311 314 0.0
165 315 0.12
894 316 0.35
678 317 0.21
73 318 0.32
41 319 0.34
496 320 0.17
789 321 0.23
906 322 0.04
65 323 0.2
368 324 0.15
982 325 0.07
430 326 0.26
121 327 0.29
177 328 0.0
569 329 0.17
539 330 0.51
320 331 0.23
511 332 0.32
938 333 0.07
817 334 0.23
414 335 0.27
462 336 0.14
914 337 0.36
159 338 0.22
761 339 0.21
369 340 0.21
926 341 0.14
450 342 0.27
878 343 0.17
33 344 0.18
738 345 0.05
335 346 0.44
696 347 0.07
697 348 0.14
0 349 0.37
338 350 0.32
114 351 0.91
80 352 0.05
935 353 0.44
25 354 0.1
996 355 0.02
822 356 0.02
241 357 0.4
88 358 0.03
834 359 0.04
863 360 0.14
575 361 0.08
34 362 0.01
298 363 0.02
766 364 0.27
665 365 0.09
556 366 0.34
511 367 0.06
0 368 0.07
916 369 0.01
139 370 0.06
769 371 0.04
766 372 0.08
465 373 0.37
884 374 0.32
521 375 0.44
974 376 0.14
513 377 0.37
972 378 0.22
500 379 0.34
394 380 0.15
457 381 0.01
50 382 0.34
715 383 0.04
243 384 0.23
211 385 0.0
847 386 0.24
82 387 0.13
881 388 0.24
442 389 0.22
476 390 0.21
247 391 0.48
75 392 0.29
678 393 0.46
985 394 0.08
283 395 0.31
448 396 0.02
769 397 0.51
823 398 0.13
44 399 0.35
249 400 0.12
469 401 0.23
174 402 0.18
720 403 0.19
444 404 0.33
869 405 0.31
847 406 0.19
523 407 0.41
889 408 0.18
852 409 0.14
317 410 0.32
437 411 0.11
567 412 0.37
529 413 0.14
136 414 0.46
966 415 0.13
73 416 0.39
873 417 0.27
416 418 0.5
542 419 0.08
932 420 0.1
63 421 0.02
241 422 0.13
522 423 0.05
152 424 0.06
417 425 0.2
421 426 0.27
711 427 0.45
610 428 0.55
960 429 0.25
91 430 0.24
276 431 0.03
20 432 0.57
104 433 0.19
254 434 0.12
753 435 0.12
400 436 0.02
141 437 0.17
815 438 0.24
709 439 0.12
689 440 0.41
47 441 0.23
211 442 0.38
965 443 0.12
491 444 0.03
634 445 0.12
773 446 0.18
635 447 0.2
360 448 0.06
154 449 0.23
897 450 0.31
192 451 0.12
804 452 0.06
635 453 0.15
336 454 0.16
363 455 0.01
516 456 0.28
543 457 0.06
17 458 0.07
591 459 0.24
436 460 0.33
650 461 0.55
947 462 0.1
726 463 0.18
605 464 0.0
191 465 0.19
930 466 0.21
636 467 0.02
333 468 0.33
915 469 0.12
955 470 0.34
531 471 0.11
243 472 0.16
172 473 0.17
359 474 0.12
188 475 0.18
613 476 0.14
237 477 0.05
50 478 0.15
255 479 0.02
871 480 0.73
354 481 0.04
305 482 0.37
165 483 0.37
792 484 0.12
444 485 0.46
51 486 0.37
317 487 0.02
585 488 0.18
657 489 0.25
935 490 0.82
224 491 0.08
911 492 0.27
413 493 0.02
832 494 0.57
244 495 0.14
355 496 0.09
128 497 0.29
563 498 0.13
214 499 0.21
708 500 0.07
901 501 0.2
140 502 0.32
214 503 0.32
150 504 0.17
776 505 0.07
275 506 0.78
206 507 0.43
498 508 0.5
595 509 0.29
271 510 0.1
136 511 0.14
122 512 0.23
678 513 0.06
833 514 0.47
931 515 0.12
192 516 0.29
298 517 0.36
95 518 0.03
847 519 0.27
128 520 0.14
291 521 0.36
558 522 0.3
172 523 0.28
396 524 0.29
17 525 0.73
133 526 0.21
229 527 0.22
325 528 0.22
786 529 0.02
529 530 0.32
177 531 0.17
382 532 0.31
638 533 0.23
820 534 0.29
63 535 0.33
756 536 0.53
215 537 0.43
692 538 0.53
652 539 0.14
12 540 0.14
606 541 0.01
157 542 0.08
578 543 0.22
258 544 0.45
933 545 0.28
72 546 0.23
816 547 0.11
112 548 0.36
123 549 0.0
712 550 0.67
560 551 0.19
919 552 0.21
126 553 0.18
286 554 0.29
386 555 0.09
297 556 0.0
696 557 0.27
401 558 0.27
108 559 0.09
588 560 0.32
204 561 0.1
253 562 0.44
255 563 0.03
224 564 0.32
681 565 0.49
53 566 0.24
905 567 0.22
109 568 0.2
443 569 0.18
695 570 0.12
41 571 0.03
854 572 0.91
283 573 0.11
88 574 0.45
396 575 0.06
155 576 0.19
496 577 0.2
585 578 0.06
905 579 0.02
616 580 0.07
612 581 0.55
825 582 0.16
172 583 0.56
355 584 0.03
496 585 0.19
675 586 0.08
735 587 0.16
893 588 0.08
333 589 0.08
68 590 0.17
320 591 0.04
297 592 0.5
585 593 0.08
755 594 0.16
792 595 0.27
9 596 0.08
75 597 0.11
135 598 0.13
184 599 0.23
177 600 0.11
155 601 0.18
113 602 0.34
370 603 0.37
539 604 0.27
734 605 0.08
910 606 0.07
491 607 0.19
219 608 0.41
569 609 0.06
922 610 0.21
188 611 0.28
207 612 0.26
839 613 0.18
392 614 0.15
343 615 0.06
173 616 0.15
698 617 0.07
805 618 0.0
64 619 0.17
199 620 0.14
408 621 0.02
364 622 0.2
315 623 0.04
158 624 0.15
995 625 0.04
952 626 0.04
765 627 0.22
771 628 0.05
472 629 0.2
937 630 0.51
535 631 0.49
749 632 0.09
296 633 0.08
171 634 0.01
770 635 0.01
923 636 0.34
496 637 0.11
134 638 0.18
682 639 0.1
900 640 0.15
152 641 0.3
275 642 0.16
581 643 0.76
505 644 0.42
783 645 1.03
448 646 0.27
463 647 0.28
981 648 0.23
553 649 0.06
353 650 0.16
678 651 0.27
395 652 0.1
128 653 0.17
860 654 0.68
693 655 0.21
946 656 0.21
985 657 0.22
669 658 0.76
560 659 0.06
786 660 0.49
389 661 0.01
908 662 0.23
808 663 0.21
211 664 0.15
202 665 0.18
747 666 0.14
561 667 0.1
938 668 0.09
92 669 0.37
30 670 0.54
338 671 0.07
415 672 0.14
297 673 0.22
908 674 0.05
796 675 0.32
697 676 0.08
464 677 0.34
913 678 0.04
582 679 0.35
323 680 0.55
111 681 0.16
567 682 0.03
578 683 0.02
606 684 0.22
245 685 0.54
179 686 0.18
13 687 0.23
856 688 0.05
594 689 0.1
850 690 0.78
50 691 0.47
616 692 0.3
981 693 0.12
252 694 0.16
174 695 0.23
288 696 0.12
960 697 0.25
172 698 0.07
802 699 0.31
238 700 0.11
304 701 0.75
14 702 0.0
244 703 0.29
666 704 0.0
600 705 0.14
688 706 0.42
129 707 0.13
299 708 0.03
622 709 0.27
104 710 0.31
782 711 0.03
629 712 0.21
635 713 0.01
135 714 0.16
471 715 0.11
913 716 0.04
533 717 0.18
398 718 0.26
253 719 0.06
967 720 0.22
735 721 0.29
79 722 0.56
869 723 0.64
549 724 0.27
195 725 0.54
709 726 0.32
245 727 0.24
975 728 0.24
3 729 0.06
264 730 0.08
268 731 0.0
93 732 0.8
775 733 0.25
122 734 0.23
492 735 0.11
317 736 0.18
858 737 0.37
31 738 0.01
58 739 0.21
944 740 0.18
985 741 0.28
451 742 0.0
288 743 0.25
171 744 0.25
211 745 0.09
504 746 0.06
61 747 0.06
497 748 0.24
635 749 0.03
328 750 0.0
718 751 0.18
609 752 0.59
331 753 0.01
709 754 0.18
6 755 0.2
461 756 0.55
553 757 0.52
776 758 0.01
920 759 0.1
208 760 0.16
146 761 0.46
547 762 0.25
450 763 0.45
193 764 0.24
683 765 0.13
549 766 0.27
921 767 0.12
975 768 0.26
251 769 0.04
684 770 0.02
471 771 0.12
659 772 0.09
97 773 0.05
420 774 0.23
672 775 0.14
142 776 0.09
894 777 0.26
54 778 0.41
481 779 0.17
922 780 0.09
25 781 0.29
659 782 0.32
777 783 0.2
567 784 0.21
834 785 0.46
60 786 0.15
897 787 0.18
882 788 0.06
705 789 0.1
696 790 0.03
553 791 0.53
734 792 0.11
675 793 0.35
713 794 0.08
960 795 0.52
431 796 0.12
540 797 0.04
894 798 0.11
501 799 0.03
128 800 0.05
115 801 0.16
764 802 0.01
676 803 0.08
790 804 0.16
912 805 0.2
519 806 0.22
58 807 0.43
484 808 0.05
360 809 0.2
542 810 0.07
485 811 0.14
138 812 0.27
422 813 0.22
347 814 0.03
147 815 0.28
989 816 0.14
204 817 0.09
498 818 0.03
804 819 0.26
862 820 0.11
279 821 0.23
657 822 0.2
174 823 0.01
510 824 0.04
552 825 0.25
80 826 0.25
679 827 0.17
73 828 0.02
154 829 0.16
375 830 0.47
403 831 0.1
793 832 0.13
847 833 0.07
720 834 0.08
66 835 0.4
794 836 0.19
553 837 0.18
457 838 0.36
17 839 0.2
109 840 0.3
518 841 0.54
695 842 0.01
997 843 0.03
936 844 0.3
721 845 0.17
826 846 0.37
750 847 0.1
306 848 0.22
802 849 0.02
224 850 0.23
286 851 0.38
798 852 0.22
639 853 0.78
810 854 0.17
53 855 0.18
354 856 0.07
234 857 0.21
958 858 0.33
317 859 0.23
796 860 0.2
850 861 0.12
609 862 0.16
368 863 0.21
251 864 0.09
435 865 0.28
896 866 0.08
370 867 0.46
648 868 0.16
142 869 0.13
387 870 0.06
545 871 0.24
335 872 0.4
184 873 0.09
841 874 0.38
702 875 0.22
127 876 0.32
750 877 0.37
738 878 0.18
721 879 1.22
777 880 0.92
919 881 0.23
496 882 0.19
622 883 0.2
167 884 0.3
665 885 0.28
996 886 0.08
367 887 0.22
133 888 0.47
413 889 0.06
526 890 0.14
343 891 0.29
97 892 0.21
277 893 0.15
250 894 0.28
447 895 0.11
449 896 0.18
55 897 0.26
871 898 0.57
251 899 0.34
462 900 0.08
143 901 0.21
634 902 0.4
69 903 0.07
85 904 0.28
448 905 0.23
460 906 0.35
952 907 0.07
575 908 0.13
483 909 0.44
390 910 0.1
876 911 0.25
297 912 0.11
383 913 0.06
989 914 0.01
512 915 0.1
960 916 0.0
500 917 0.21
946 918 0.37
458 919 0.13
465 920 0.18
599 921 0.06
787 922 0.22
124 923 0.24
361 924 0.15
571 925 0.79
113 926 0.25
908 927 0.56
987 928 0.28
410 929 0.7
166 930 0.26
628 931 0.36
571 932 0.12
11 933 0.01
185 934 0.32
478 935 0.08
665 936 0.17
493 937 0.22
138 938 0.22
41 939 0.26
385 940 0.03
378 941 0.03
633 942 0.14
662 943 0.09
777 944 0.26
429 945 0.12
513 946 0.21
997 947 0.08
166 948 0.04
943 949 0.17
628 950 0.63
600 951 0.14
7 952 0.11
19 953 0.38
50 954 0.2
160 955 0.33
168 956 0.2
59 957 0.47
31 958 0.11
562 959 0.12
997 960 0.02
452 961 0.16
214 962 0.06
466 963 0.3
207 964 1.0
453 965 0.15
956 966 0.22
207 967 0.12
449 968 0.22
824 969 0.24
999 970 0.27
627 971 0.37
764 972 0.01
20 973 0.4
257 974 0.49
431 975 0.13
781 976 0.18
920 977 0.18
243 978 0.25
145 979 0.2
501 980 0.07
278 981 0.16
370 982 0.21
113 983 0.1
256 984 0.16
913 985 0.09
817 986 0.23
101 987 0.06
493 988 0.03
768 989 0.02
597 990 0.1
803 991 0.25
836 992 0.22
185 993 0.21
957 994 0.14
840 995 0.29
609 996 0.18
968 997 0.04
394 998 0.31
850 999 0.27
1000
